1.000000000 -0.000000000 0.000000000 0.000000000 -0.000000000 0.999999940 -0.000000000 -0.000000119 0.000000000 -0.000000000 1.000000000 0.000000004
0.999991596 -0.002392462 -0.003336242 -0.003518907 0.002385138 0.999994695 -0.002197681 -0.005435297 0.003341482 0.002189705 0.999992013 0.664519370
0.999971330 -0.001086432 -0.007491768 -0.012804446 0.001059519 0.999992907 -0.003595435 -0.010630481 0.007495622 0.003587394 0.999965489 1.358568311
0.999936640 -0.001561133 -0.011151782 -0.026215138 0.001506026 0.999986589 -0.004948313 -0.013071030 0.011159358 0.004931205 0.999925554 2.071933508
0.999873400 -0.000049638 -0.015913879 -0.046021275 -0.000041996 0.999983430 -0.005757723 -0.015062485 0.015913900 0.005757662 0.999856830 2.796406984
0.999793649 -0.000639807 -0.020308152 -0.062599897 0.000516674 0.999981403 -0.006067872 -0.023017587 0.020311657 0.006056127 0.999775410 3.538120747
0.999694824 0.000803581 -0.024688898 -0.088179722 -0.000978288 0.999974549 -0.007065047 -0.033785403 0.024682589 0.007087045 0.999670208 4.284581661
0.999564111 0.003375546 -0.029329855 -0.123739555 -0.003609316 0.999962091 -0.007921085 -0.036870293 0.029302007 0.008023494 0.999538422 5.049668789
0.999416113 0.003919169 -0.033942450 -0.150244668 -0.004122962 0.999973893 -0.005936135 -0.051657315 0.033918295 0.006072612 0.999406099 5.846843243
0.999258161 0.003234630 -0.038374752 -0.186405808 -0.003361849 0.999989033 -0.003251108 -0.058771513 0.038363814 0.003377705 0.999258101 6.642911911
0.999129355 0.003079042 -0.041605651 -0.227882460 -0.003103622 0.999995053 -0.000526203 -0.066990234 0.041603822 0.000654873 0.999134004 7.454490662
0.999022067 0.004365712 -0.043998342 -0.273577005 -0.004427848 0.999989212 -0.001314895 -0.077134833 0.043992132 0.001508427 0.999030709 8.261131287
0.998932838 0.003945353 -0.046016689 -0.319719642 -0.004019198 0.999990702 -0.001512321 -0.082955718 0.046010297 0.001695657 0.998939514 9.080075264
0.998874128 0.001389189 -0.047420055 -0.366734952 -0.001502465 0.999996006 -0.002353215 -0.087723359 0.047416601 0.002421812 0.998872280 9.906407356
0.998748124 0.000563568 -0.050019335 -0.400587708 -0.000634364 0.999998748 -0.001399518 -0.094769336 0.050018489 0.001429497 0.998747289 10.759730339
0.998664796 -0.000941474 -0.051650390 -0.445335686 0.000854869 0.999998093 -0.001698827 -0.102471665 0.051651906 0.001652405 0.998663783 11.610363960
0.998578191 0.001377349 -0.053290088 -0.499290168 -0.001589148 0.999990880 -0.003932290 -0.113173954 0.053284198 0.004011385 0.998571336 12.465456009
0.998501897 0.001846014 -0.054686461 -0.549080431 -0.002204164 0.999976397 -0.006489567 -0.122937389 0.054673199 0.006600383 0.998482525 13.333232880
0.998392284 0.005619050 -0.056403965 -0.607101023 -0.006083650 0.999948919 -0.008068689 -0.135340914 0.056355752 0.008398859 0.998375416 14.206766129
0.998331010 0.006993332 -0.057327654 -0.664937377 -0.007448993 0.999942243 -0.007738504 -0.147118047 0.057270233 0.008152621 0.998325467 15.099294662
0.998256683 0.005988301 -0.058716618 -0.718843937 -0.006359891 0.999960899 -0.006143686 -0.162390605 0.058677539 0.006506408 0.998255789 15.986412048
0.998187721 0.006756149 -0.059797015 -0.782451689 -0.007054623 0.999963641 -0.004781751 -0.173834831 0.059762545 0.005194930 0.998199046 16.884319305
0.998121679 0.006059416 -0.060962200 -0.840481460 -0.006348155 0.999969482 -0.004543799 -0.190138459 0.060932815 0.004922261 0.998129725 17.791296005
0.998015165 0.006412460 -0.062645383 -0.896617115 -0.006765902 0.999962330 -0.005431435 -0.205218613 0.062608190 0.005844506 0.998021066 18.688568115
0.997974873 0.004976973 -0.063413143 -0.962663114 -0.005361200 0.999968290 -0.005890417 -0.220240369 0.063381821 0.006218460 0.997969985 19.602632523
0.997924328 0.004490528 -0.064239658 -1.017474890 -0.004772699 0.999979615 -0.004239696 -0.229885608 0.064219318 0.004537493 0.997925520 20.520822525
0.997932434 0.006808644 -0.063910514 -1.085219383 -0.006897110 0.999975502 -0.001163710 -0.238202110 0.063901030 0.001602102 0.997954905 21.442634583
0.997986019 0.007680263 -0.062968895 -1.148201823 -0.007530402 0.999968231 0.002616894 -0.246990100 0.062986977 -0.002137442 0.998012066 22.372753143
0.998096764 0.007079624 -0.061260480 -1.211885333 -0.006750052 0.999961555 0.005585120 -0.255604953 0.061297659 -0.005160979 0.998106182 23.306529999
0.998189509 0.006500929 -0.059793539 -1.269521952 -0.006120884 0.999959826 0.006536949 -0.264036119 0.059833642 -0.006159125 0.998189390 24.249868393
0.998269737 0.007022022 -0.058379304 -1.326220989 -0.006813064 0.999969542 0.003777608 -0.270488858 0.058404058 -0.003373331 0.998287380 25.194433212
0.998321176 0.007347278 -0.057451703 -1.386125445 -0.007412058 0.999971926 -0.000914512 -0.277691185 0.057443384 0.001338813 0.998347878 26.131477356
0.998378754 0.007489045 -0.056426052 -1.435180902 -0.007730013 0.999961853 -0.004053446 -0.286384344 0.056393553 0.004483048 0.998398542 27.075496674
0.998431027 0.004858627 -0.055784617 -1.488047242 -0.005054304 0.999981523 -0.003367170 -0.292661369 0.055767231 0.003643839 0.998437166 28.034063339
0.998441994 0.003093480 -0.055713125 -1.549715638 -0.002992618 0.999993801 0.001893730 -0.306055576 0.055718642 -0.001724052 0.998445153 29.011201859
0.998408139 -0.000171680 -0.056401886 -1.603410363 0.000474862 0.999985456 0.005362026 -0.319006145 0.056400150 -0.005380274 0.998393774 29.965044022
0.998300552 -0.007499418 -0.057790354 -1.647697330 0.007784954 0.999958515 0.004717340 -0.325672060 0.057752583 -0.005159219 0.998317659 30.941083908
0.998214126 -0.009843299 -0.058923017 -1.705857158 0.009912691 0.999950409 0.000885456 -0.331557930 0.058911391 -0.001467959 0.998262107 31.907388687
0.998127580 -0.009563890 -0.060414329 -1.766508102 0.009389773 0.999950826 -0.003165305 -0.337383926 0.060441643 0.002592102 0.998168290 32.888366699
0.998005450 -0.008068641 -0.062609963 -1.837214351 0.007827852 0.999960959 -0.004090182 -0.342288733 0.062640510 0.003591923 0.998029649 33.881134033
0.997973382 -0.008354888 -0.063081510 -1.895381093 0.008232647 0.999963641 -0.002197464 -0.367197752 0.063097574 0.001673683 0.998005927 34.845878601
0.997902274 -0.005355582 -0.064517274 -1.963582397 0.005408270 0.999985158 0.000642055 -0.380516738 0.064512886 -0.000989635 0.997916341 35.842735291
0.997828484 -0.005031382 -0.065673143 -2.031871557 0.005171202 0.999984682 0.001959212 -0.392454237 0.065662272 -0.002294566 0.997839272 36.830493927
0.997794926 -0.003823018 -0.066263407 -2.107082844 0.004135366 0.999980986 0.004577217 -0.401864320 0.066244647 -0.004841147 0.997791648 37.802284241
0.997773409 -0.003803724 -0.066586517 -2.167177439 0.004323680 0.999961257 0.007666351 -0.411913604 0.066554785 -0.007937181 0.997751176 38.809436798
0.997732818 0.001403914 -0.067285039 -2.241320610 -0.000733970 0.999949872 0.009980487 -0.412231445 0.067295685 -0.009908473 0.997683883 39.794994354
0.997765660 0.002109324 -0.066777326 -2.324330330 -0.001495335 0.999956131 0.009243218 -0.419413388 0.066793896 -0.009122713 0.997725129 40.773071289
0.997742474 0.002252066 -0.067119621 -2.383933067 -0.001754159 0.999970555 0.007476212 -0.421911269 0.067134485 -0.007341595 0.997716963 41.781467438
0.997741997 0.004677255 -0.067001395 -2.465668678 -0.004342300 0.999977410 0.005143974 -0.426312208 0.067023940 -0.004841419 0.997739732 42.779380798
0.997698545 0.003983476 -0.067689307 -2.539051533 -0.003627284 0.999979019 0.005384243 -0.432303756 0.067709334 -0.005126324 0.997691989 43.763938904
0.997595608 0.001982671 -0.069275476 -2.597620010 -0.001536737 0.999977767 0.006489818 -0.439743757 0.069286808 -0.006367758 0.997576475 44.745906830
0.997550666 0.002341193 -0.069907933 -2.671825647 -0.001803744 0.999968350 0.007750101 -0.448502690 0.069923878 -0.007605024 0.997523367 45.729907990
0.997544527 0.005124965 -0.069847278 -2.753325462 -0.004844713 0.999979556 0.004181163 -0.462003380 0.069867276 -0.003832506 0.997548997 46.698093414
0.997454882 0.005663957 -0.071075581 -2.826967001 -0.005677375 0.999983847 0.000013220 -0.468215615 0.071074508 0.000390337 0.997471035 47.665542603
0.997395217 0.006244696 -0.071859822 -2.884992361 -0.006369478 0.999978662 -0.001507452 -0.469912410 0.071848884 0.001961235 0.997413635 48.621494293
0.997409940 0.005195294 -0.071738809 -2.960062265 -0.005050408 0.999984801 0.002200864 -0.484152853 0.071749158 -0.001832855 0.997421086 49.600830078
0.997413337 0.003200968 -0.071808934 -3.033484697 -0.002844702 0.999983132 0.005063018 -0.493151575 0.071823925 -0.004845647 0.997405589 50.570884705
0.997389913 0.001156595 -0.072195038 -3.095766306 -0.000731668 0.999982238 0.005911986 -0.503493190 0.072200596 -0.005843732 0.997373044 51.508560181
0.997365057 -0.002122852 -0.072516382 -3.164540052 0.002473342 0.999985695 0.004743793 -0.512314260 0.072505273 -0.004910651 0.997355998 52.468540192
0.997331262 -0.005180197 -0.072824948 -3.233759642 0.005468111 0.999978125 0.003754686 -0.525330961 0.072803900 -0.004142882 0.997337699 53.420322418
0.997252703 -0.006431546 -0.073794134 -3.306215763 0.006804173 0.999965429 0.004799274 -0.533519387 0.073760718 -0.005288197 0.997262001 54.376132965
0.997119606 -0.009837214 -0.075203568 -3.373557329 0.010535640 0.999904931 0.008896054 -0.538204730 0.075108908 -0.009662748 0.997128606 55.324657440
0.997092187 -0.010122188 -0.075529419 -3.444065809 0.011212257 0.999838710 0.014022289 -0.542612791 0.075375311 -0.014828370 0.997044981 56.263187408
0.997085273 -0.008489887 -0.075820670 -3.526054144 0.009721201 0.999826431 0.015885495 -0.538481712 0.075672656 -0.016576260 0.996994913 57.209442139
0.996982872 -0.007071818 -0.077299222 -3.601258278 0.008023634 0.999895692 0.012009741 -0.543524683 0.077206247 -0.012593725 0.996935606 58.136997223
0.996879280 -0.005372368 -0.078757890 -3.675660133 0.005735542 0.999973893 0.004385789 -0.550707936 0.078732282 -0.004823820 0.996884108 59.040035248
0.996807516 -0.004365614 -0.079721995 -3.753899097 0.004358759 0.999990404 -0.000260006 -0.561729848 0.079722360 -0.000088313 0.996817172 59.973567963
0.996769249 0.000804640 -0.080314770 -3.840395451 -0.000770019 0.999999523 0.000462034 -0.570747256 0.080315113 -0.000398698 0.996769547 60.872848511
0.996644676 0.003595464 -0.081771158 -3.922027349 -0.003361831 0.999989808 0.002994669 -0.586320579 0.081781097 -0.002709721 0.996646702 61.770587921
0.996553719 0.005761043 -0.082749441 -3.995961428 -0.005412729 0.999975443 0.004432977 -0.601392806 0.082772940 -0.003969800 0.996560514 62.647953033
0.996430755 0.006477614 -0.084164560 -4.069961548 -0.006148346 0.999972343 0.004170800 -0.610138595 0.084189251 -0.003638441 0.996443093 63.514831543
0.996305525 0.008201350 -0.085486740 -4.154884815 -0.007806620 0.999957263 0.004950712 -0.617834926 0.085523710 -0.004265060 0.996327043 64.363098145
0.996197522 0.009310239 -0.086624026 -4.232174873 -0.008839798 0.999944031 0.005812868 -0.635128498 0.086673290 -0.005025027 0.996224105 65.196472168
0.996061504 0.008851015 -0.088221826 -4.304759502 -0.008325325 0.999945283 0.006324905 -0.642194629 0.088272989 -0.005565520 0.996080756 66.017189026
0.995988369 0.008926946 -0.089036353 -4.389245987 -0.008313722 0.999939024 0.007255825 -0.648455024 0.089095704 -0.006486495 0.996002018 66.829963684
0.995845258 0.011566370 -0.090324767 -4.469292164 -0.010717542 0.999893785 0.009876894 -0.652701497 0.090429418 -0.008867797 0.995863438 67.630622864
0.995698571 0.013071124 -0.091725372 -4.545398712 -0.011816962 0.999829412 0.014202818 -0.660245478 0.091895349 -0.013057816 0.995683074 68.414108276
0.995489895 0.016267991 -0.093462974 -4.624776363 -0.014859342 0.999765575 0.015747963 -0.661224246 0.093697242 -0.014288144 0.995498180 69.191566467
0.995331466 0.019136582 -0.094599590 -4.704464436 -0.018103343 0.999766767 0.011768471 -0.671369433 0.094802774 -0.010000959 0.995445848 69.930107117
0.995199084 0.019225929 -0.095964193 -4.779885292 -0.018888114 0.999811709 0.004427441 -0.677456200 0.096031256 -0.002593603 0.995374918 70.654991150
0.995057821 0.018316293 -0.097592868 -4.847872734 -0.018526815 0.999827504 -0.001251325 -0.687952280 0.097553127 0.003053226 0.995225608 71.360519409
0.995004952 0.018754179 -0.098046914 -4.918695927 -0.019089492 0.999814630 -0.002482875 -0.691280842 0.097982183 0.004342139 0.995178699 72.053665161
0.994880140 0.021835709 -0.098675594 -4.999651909 -0.021830363 0.999761045 0.001133991 -0.702993631 0.098676778 0.001025938 0.995119035 72.730575562
0.994743347 0.022371240 -0.099926084 -5.073017597 -0.022128398 0.999748886 0.003538063 -0.721308649 0.099980146 -0.001308260 0.994988561 73.385238647
0.994711518 0.018929271 -0.100950003 -5.134443283 -0.019008689 0.999819279 0.000175242 -0.729209602 0.100935079 0.001744611 0.994891524 74.013031006
0.994813800 0.010587473 -0.101159751 -5.182332516 -0.011136740 0.999926150 -0.004866482 -0.746605337 0.101100743 0.005967832 0.994858265 74.628562927
0.994938910 0.006645750 -0.100261599 -5.235666275 -0.007695065 0.999919534 -0.010082660 -0.750080109 0.100186527 0.010803150 0.994910061 75.224357605
0.995227814 0.008870207 -0.097174197 -5.293597221 -0.009907794 0.999898911 -0.010200285 -0.763058722 0.097073898 0.011114392 0.995215118 75.807296753
0.995565832 0.014040508 -0.093013838 -5.356178284 -0.014738521 0.999867976 -0.006821699 -0.781692803 0.092905790 0.008162336 0.995641410 76.375968933
0.995998263 0.012586820 -0.088482641 -5.403706551 -0.012975643 0.999908388 -0.003820518 -0.790778041 0.088426463 0.004953349 0.996070385 76.930786133
0.996538401 0.008986858 -0.082646914 -5.441305161 -0.009006945 0.999959350 0.000129785 -0.796499133 0.082644723 0.000615060 0.996578872 77.479072571
0.997235179 0.004284855 -0.074187219 -5.471519947 -0.004020028 0.999984920 0.003718665 -0.812708080 0.074202038 -0.003410150 0.997237444 78.002456665
0.997920513 0.007892529 -0.063971378 -5.495457649 -0.007680043 0.999964118 0.003566824 -0.821767271 0.063997231 -0.003068104 0.997945368 78.521316528
0.998712897 0.013037053 -0.049015690 -5.518987656 -0.012909579 0.999912322 0.002916338 -0.827691555 0.049049407 -0.002279813 0.998793781 79.021606445
0.999363959 0.018015761 -0.030774340 -5.536592960 -0.017913163 0.999832988 0.003606312 -0.836240947 0.030834161 -0.003052753 0.999519885 79.516838074
0.999826789 0.016540181 -0.008534797 -5.528085232 -0.016505290 0.999855161 0.004142358 -0.841737986 0.008602076 -0.004000772 0.999954998 79.994873047
0.999755442 0.013091863 0.017818669 -5.497784138 -0.013181620 0.999900937 0.004929096 -0.847401142 -0.017752370 -0.005162768 0.999829113 80.451232910
0.998802602 0.012040556 0.047416326 -5.454101086 -0.012378369 0.999900043 0.006837191 -0.859796464 -0.047329262 -0.007415940 0.998851836 80.908172607
0.996698141 0.011393001 0.080392167 -5.395042896 -0.012113758 0.999890685 0.008483496 -0.870281756 -0.080286719 -0.009429336 0.996727228 81.361824036
0.992942870 0.011558118 0.118028998 -5.319723129 -0.012632747 0.999885201 0.008360686 -0.867182314 -0.117918827 -0.009792713 0.992974997 81.801071167
0.987112343 0.011454902 0.159618795 -5.233563423 -0.012946534 0.999881685 0.008308159 -0.875149667 -0.159504756 -0.010267597 0.987143755 82.199920654
0.978750169 0.011027542 0.204760134 -5.118925571 -0.012983209 0.999881983 0.008209981 -0.882279873 -0.204645470 -0.010693963 0.978777766 82.614074707
0.967243254 0.013243850 0.253505945 -4.983523369 -0.015288981 0.999864519 0.006098891 -0.890321970 -0.253390819 -0.009774957 0.967314601 83.014045715
0.951558173 0.014191026 0.307141423 -4.833522320 -0.015990552 0.999866605 0.003343100 -0.899791718 -0.307053030 -0.008092514 0.951657951 83.403350830
0.931823254 0.015047132 0.362600654 -4.650820255 -0.016279433 0.999867380 0.000343115 -0.896641076 -0.362547398 -0.006222655 0.931944489 83.768371582
0.907751203 0.014991891 0.419241101 -4.461546898 -0.015862290 0.999873161 -0.001409631 -0.906662822 -0.419209003 -0.005370529 0.907873988 84.084617615
0.878623962 0.015286823 0.477269650 -4.242395878 -0.015491618 0.999873817 -0.003506590 -0.912349284 -0.477263033 -0.004312703 0.878749967 84.411666870
0.845433414 0.014090451 0.533895075 -3.996041059 -0.012806685 0.999899328 -0.006109502 -0.916577101 -0.533927381 -0.001672248 0.845528722 84.709869385
0.808242857 0.013812585 0.588687301 -3.735390425 -0.011381174 0.999904454 -0.007835254 -0.923079371 -0.588739276 -0.000367166 0.808322906 85.004241943
0.767996371 0.012821597 0.640326023 -3.460275650 -0.010604512 0.999917150 -0.007303014 -0.930695891 -0.640366495 -0.001181656 0.768068612 85.279380798
0.725883424 0.011593902 0.687720180 -3.169311047 -0.011777556 0.999920845 -0.004426005 -0.946967065 -0.687717021 -0.004886898 0.725962460 85.514457703
0.680851281 0.010855151 0.732341230 -2.865764856 -0.010762235 0.999930501 -0.004815945 -0.948701382 -0.732342601 -0.004602686 0.680920839 85.734222412
0.636505961 0.009008031 0.771219075 -2.530657530 -0.006640827 0.999958754 -0.006198931 -0.958381891 -0.771243095 -0.001175877 0.636539519 85.911987305
0.589577377 0.006323503 0.807687104 -2.198667526 -0.000809835 0.999973536 -0.007237797 -0.965390325 -0.807711482 0.003613148 0.589566827 86.094940186
0.542953670 0.008205125 0.839722574 -1.865381479 -0.002845541 0.999964535 -0.007930997 -0.978730679 -0.839757919 0.001916699 0.542957723 86.263999939
0.496443421 0.011322709 0.867995262 -1.525541306 -0.005794038 0.999935865 -0.009729974 -0.982019007 -0.868049741 -0.000198816 0.496477187 86.413002014
0.450349212 0.013260670 0.892754078 -1.190103412 -0.006756624 0.999911726 -0.011443979 -0.995600760 -0.892826974 -0.000878217 0.450399011 86.553810120
0.407486290 0.010548754 0.913150430 -0.827236950 0.000435487 0.999930859 -0.011745580 -1.004378319 -0.913211286 0.005183828 0.407453537 86.681068420
0.367440611 0.003371070 0.930040896 -0.467293859 0.015212677 0.999837756 -0.009634286 -1.007444501 -0.929922521 0.017688436 0.367329746 86.771705627
0.331920266 -0.000010343 0.943307459 -0.100747176 0.019240778 0.999791920 -0.006759262 -1.010795236 -0.943111241 0.020393506 0.331851333 86.862724304
0.298788399 0.003893872 0.954311490 0.266072005 0.016711712 0.999817014 -0.009311871 -1.019252896 -0.954173088 0.018730456 0.298668623 86.958602905
0.267827511 0.011089450 0.963403046 0.636610866 0.006223354 0.999892950 -0.013239575 -1.035919070 -0.963446796 0.009541519 0.267729789 87.057502747
0.238905638 0.015685165 0.970916152 1.017018318 0.001179048 0.999864042 -0.016442938 -1.054226398 -0.971042037 0.005073065 0.238854647 87.147445679
0.213366672 0.017445203 0.976816475 1.416064620 0.001654541 0.999832571 -0.018217660 -1.072657824 -0.976970851 0.005503225 0.213302121 87.219429016
0.190270022 0.019151874 0.981544971 1.818655968 0.009020575 0.999733388 -0.021255381 -1.079575658 -0.981690407 0.012898363 0.190046549 87.267608643
0.170211896 0.024864081 0.985093832 2.231797695 0.015957665 0.999480903 -0.027984504 -1.084614038 -0.985278368 0.020483091 0.169726774 87.310478210
0.150427133 0.032131448 0.988098860 2.656095028 0.018479308 0.999205649 -0.035305899 -1.079779744 -0.988448441 0.023570351 0.149713874 87.364326477
0.132724032 0.032574989 0.990617692 3.092814922 0.016236925 0.999254227 -0.035034429 -1.096514463 -0.991020024 0.020734496 0.132096142 87.417930603
0.117555760 0.028285751 0.992663383 3.552178860 0.014761587 0.999434054 -0.030226815 -1.118317723 -0.992956519 0.018206628 0.117071696 87.464103699
0.103019625 0.025039755 0.994364083 4.022206783 0.014479354 0.999539495 -0.026670191 -1.140960813 -0.994573891 0.017145306 0.102609619 87.504234314
0.089967050 0.022412090 0.995692551 4.507305145 0.016897392 0.999568522 -0.024026122 -1.159707785 -0.995801330 0.018986166 0.089549519 87.536231995
0.078575104 0.021777045 0.996670306 4.999809742 0.020681046 0.999510527 -0.023469552 -1.171950221 -0.996693611 0.022456309 0.078086279 87.558586121
0.068135656 0.022453433 0.997423410 5.507151604 0.024327019 0.999412119 -0.024160020 -1.183793068 -0.997379422 0.025910495 0.067549370 87.584785461
0.060266756 0.023094732 0.997915208 6.034226418 0.026503922 0.999342918 -0.024728419 -1.198161721 -0.997830391 0.027938968 0.059615042 87.610740662
0.054769933 0.023251899 0.998228252 6.586679459 0.028245287 0.999292731 -0.024826432 -1.216968179 -0.998099446 0.029554985 0.054074425 87.637252808
0.049243435 0.024485441 0.998486638 7.143163204 0.030169452 0.999206781 -0.025991000 -1.228283644 -0.998331130 0.031403683 0.048465658 87.654960632
0.043605059 0.025172891 0.998731673 7.718619347 0.030873021 0.999171078 -0.026531894 -1.244806051 -0.998571813 0.031990789 0.042791758 87.673210144
0.038937289 0.024900451 0.998931408 8.322441101 0.033339981 0.999100387 -0.026204223 -1.264556646 -0.998685300 0.034324676 0.038072091 87.694747925
0.035991400 0.025196783 0.999034405 8.949659348 0.034595631 0.999051571 -0.026443560 -1.282276034 -0.998753071 0.035513975 0.035085570 87.713600159
0.033050414 0.024667272 0.999149203 9.588339806 0.035558525 0.999033391 -0.025840636 -1.301785469 -0.998821020 0.036382318 0.032141332 87.730506897
0.030772807 0.023994362 0.999238253 10.240672112 0.038237907 0.998951674 -0.025165064 -1.323236346 -0.998794734 0.038983177 0.029823052 87.746147156
0.030226462 0.023586715 0.999264657 10.918531418 0.042817134 0.998773217 -0.024870276 -1.343222737 -0.998625636 0.043537386 0.029179467 87.758651733
0.031222643 0.023088692 0.999245703 11.608212471 0.046398688 0.998621821 -0.024524063 -1.365410209 -0.998434901 0.047129400 0.030108327 87.775810242
0.033465698 0.023197588 0.999170661 12.304748535 0.047354914 0.998570979 -0.024769742 -1.384810567 -0.998317361 0.048144579 0.032319356 87.800178528
0.037385501 0.023248443 0.999030530 13.027481079 0.049902823 0.998438537 -0.025102122 -1.404508710 -0.998054147 0.050792895 0.036166966 87.826858521
0.041611310 0.022693189 0.998876214 13.764208794 0.050232921 0.998430192 -0.024775667 -1.427500129 -0.997870326 0.051207412 0.040406048 87.859390259
0.045742106 0.021260073 0.998727143 14.515296936 0.051616874 0.998387635 -0.023616927 -1.444765091 -0.997618854 0.052631453 0.044570986 87.889526367
0.049547374 0.019652963 0.998578429 15.279892921 0.051431019 0.998429656 -0.022201937 -1.466980577 -0.997446716 0.052457955 0.048458796 87.932075500
0.053708445 0.017380865 0.998405337 16.060712814 0.048187282 0.998638391 -0.019977126 -1.492053986 -0.997393250 0.049183387 0.052797791 87.985023499
0.057483535 0.016434599 0.998211145 16.854944229 0.047386765 0.998692513 -0.019171363 -1.512223721 -0.997221231 0.048404038 0.056629606 88.038299561
0.061543040 0.017597431 0.997949362 17.656272888 0.044642005 0.998795390 -0.020365402 -1.531865954 -0.997105658 0.045803804 0.060683329 88.098731995
0.064479284 0.021264249 0.997692466 18.445058823 0.042222980 0.998819411 -0.024017073 -1.564842105 -0.997025430 0.043674156 0.063505329 88.152755737
0.065967046 0.026617907 0.997466743 19.262136459 0.036422834 0.998913646 -0.029065330 -1.594039440 -0.997156799 0.038247921 0.064925887 88.219024658
0.065721579 0.029801732 0.997392952 20.074848175 0.033640329 0.998919427 -0.032064021 -1.620290518 -0.997270823 0.035659924 0.064648032 88.278816223
0.065652512 0.029351940 0.997410774 20.885166168 0.031409975 0.999011040 -0.031466532 -1.653642297 -0.997348070 0.033394508 0.064665660 88.343437195
0.065989383 0.027745906 0.997434556 21.711194992 0.028668122 0.999147892 -0.029690228 -1.686289310 -0.997408450 0.030553818 0.065137729 88.399528503
0.065730706 0.026658211 0.997481346 22.533687592 0.029459074 0.999155343 -0.028644212 -1.717288494 -0.997402489 0.031267677 0.064889863 88.458580017
0.065737441 0.025758570 0.997504532 23.344390869 0.027079184 0.999252439 -0.027588278 -1.755008698 -0.997469425 0.028825192 0.064990781 88.526580811
0.066060282 0.025902007 0.997479379 24.152563095 0.025218477 0.999300301 -0.027619438 -1.794691920 -0.997496903 0.026979459 0.065360852 88.576835632
0.066283144 0.026399013 0.997451603 24.966093063 0.022134900 0.999364972 -0.027920574 -1.831245780 -0.997555315 0.023929155 0.065656714 88.635704041
0.064708784 0.027915729 0.997513652 25.776615143 0.019383458 0.999384880 -0.029225504 -1.861966968 -0.997715890 0.021226415 0.064127877 88.704162598
0.062052339 0.027525198 0.997693300 26.587677002 0.016110091 0.999461889 -0.028575962 -1.897259593 -0.997942865 0.017846137 0.061575502 88.753440857
0.058005631 0.026320327 0.997969329 27.395708084 0.013626654 0.999538362 -0.027153740 -1.929391623 -0.998223245 0.015174054 0.057620198 88.807388306
0.053333022 0.023892263 0.998291016 28.213901520 0.011878392 0.999627769 -0.024558853 -1.961988091 -0.998506188 0.013167894 0.053029370 88.855964661
0.047130480 0.021925109 0.998648047 29.021903992 0.009892548 0.999699771 -0.022415062 -1.990303159 -0.998839796 0.010935610 0.046899445 88.895950317
0.039458279 0.022064978 0.998977542 29.824672699 0.009717999 0.999700308 -0.022464786 -2.020187378 -0.999173999 0.010594486 0.039232031 88.930824280
0.030683717 0.023090318 0.999262393 30.627233505 0.009170935 0.999684572 -0.023381677 -2.050353050 -0.999487162 0.009881607 0.030462274 88.955703735
0.021121422 0.023197476 0.999507666 31.428163528 0.009447774 0.999681413 -0.023401154 -2.083336115 -0.999732316 0.009937389 0.020895533 88.968818665
0.010874035 0.022452231 0.999688745 32.227153778 0.010887944 0.999685884 -0.022570601 -2.108410120 -0.999881685 0.011129989 0.010626163 88.975936890
0.000218750 0.021214385 0.999774873 33.020709991 0.009696917 0.999727845 -0.021215506 -2.142653465 -0.999953032 0.009699374 0.000012978 88.974792480
-0.011115864 0.020593636 0.999726176 33.803661346 0.010999119 0.999729931 -0.020471415 -2.167575121 -0.999877751 0.010768550 -0.011339374 88.963943481
-0.022075223 0.020899368 0.999537885 34.584358215 0.011023346 0.999725759 -0.020659847 -2.194721699 -0.999695599 0.010562181 -0.022299552 88.943603516
-0.033309665 0.021559805 0.999212563 35.356681824 0.011576098 0.999708474 -0.021184610 -2.222861290 -0.999378026 0.010861332 -0.033549540 88.917358398
-0.043407869 0.022532972 0.998803318 36.128192902 0.011023623 0.999695480 -0.022074014 -2.251336813 -0.998996675 0.010052244 -0.043643042 88.875228882
-0.054081261 0.023733832 0.998254418 36.893218994 0.011498962 0.999666035 -0.023144424 -2.275045872 -0.998470426 0.010227211 -0.054336108 88.836189270
-0.063526861 0.024130853 0.997688413 37.648979187 0.012876910 0.999644279 -0.023358235 -2.309427500 -0.997897148 0.011363267 -0.063814998 88.784080505
-0.072924614 0.024903227 0.997026503 38.407806396 0.012916532 0.999627948 -0.024023462 -2.332524776 -0.997253835 0.011126225 -0.073219143 88.723442078
-0.082360595 0.025247902 0.996282697 39.148204803 0.013598053 0.999614418 -0.024208212 -2.362654924 -0.996509850 0.011553702 -0.082672156 88.663208008
-0.090954468 0.024737671 0.995547712 39.881614685 0.014979141 0.999612331 -0.023470156 -2.387627840 -0.995742381 0.012777735 -0.091289744 88.591728210
-0.098693781 0.023537239 0.994839489 40.600631714 0.016520415 0.999621212 -0.022011453 -2.418649197 -0.994980693 0.014262766 -0.099045239 88.521293640
-0.103310615 0.021839432 0.994409382 41.336574554 0.020129930 0.999600053 -0.019862102 -2.449030876 -0.994445443 0.017965429 -0.103708915 88.430320740
-0.106467046 0.020397279 0.994107068 42.041416168 0.023629937 0.999559104 -0.017978422 -2.471094131 -0.994035423 0.021576576 -0.106902093 88.339385986
-0.109403469 0.019318720 0.993809640 42.755455017 0.024869760 0.999551237 -0.016692547 -2.493567705 -0.993686259 0.022889586 -0.109834842 88.262046814
-0.111242816 0.018404972 0.993622780 43.438766479 0.024610864 0.999572873 -0.015759833 -2.517832756 -0.993488491 0.022700749 -0.111648262 88.189140320
-0.112221390 0.018963236 0.993502200 44.110221863 0.025968837 0.999532342 -0.016145013 -2.537213087 -0.993343771 0.023988286 -0.112661369 88.117744446
-0.111097559 0.019898089 0.993610322 44.759906769 0.026337661 0.999507308 -0.017071316 -2.558685303 -0.993460417 0.024272792 -0.111566901 88.042877197
-0.107900925 0.021477273 0.993929625 45.385055542 0.027748622 0.999442160 -0.018583998 -2.582220554 -0.993774295 0.025574951 -0.108436704 87.974555969
-0.102940254 0.022033762 0.994443536 46.006931305 0.027532965 0.999434590 -0.019294262 -2.602467060 -0.994306445 0.025393819 -0.103488699 87.912239075
-0.094973959 0.022781420 0.995219111 46.600578308 0.026924312 0.999431074 -0.020308448 -2.623006582 -0.995115578 0.024866814 -0.095533296 87.860862732
-0.083745167 0.022658650 0.996229589 47.182319641 0.025943920 0.999451995 -0.020551046 -2.648516417 -0.996149421 0.024125045 -0.084287129 87.821380615
-0.069945939 0.022856468 0.997288942 47.733512878 0.024997625 0.999463558 -0.021153081 -2.672135830 -0.997237563 0.023450280 -0.070479780 87.790809631
-0.053192426 0.023945499 0.998297274 48.272670746 0.024202960 0.999449551 -0.022683537 -2.700711012 -0.998290956 0.022955151 -0.053742707 87.781700134
-0.031580545 0.026723690 0.999143839 48.813671112 0.022513162 0.999408007 -0.026019163 -2.720484734 -0.999247611 0.021672191 -0.032163486 87.773765564
-0.006976734 0.029861698 0.999529719 49.336727142 0.020542277 0.999347329 -0.029712867 -2.743947268 -0.999764621 0.020325314 -0.007585610 87.789581299
0.021022053 0.031363230 0.999286890 49.847053528 0.018397400 0.999326468 -0.031751495 -2.768211842 -0.999609709 0.019051766 0.020430887 87.827827454
0.054186668 0.030754741 0.998057067 50.360168457 0.015565581 0.999378026 -0.031640537 -2.791823149 -0.998409450 0.017249832 0.053674247 87.873939514
0.093475632 0.027999111 0.995227814 50.828948975 0.015091917 0.999449849 -0.029535381 -2.816209555 -0.995507121 0.017780736 0.093001641 87.914428711
0.134901240 0.024681119 0.990551591 51.362396240 0.012100536 0.999574065 -0.026553879 -2.838475704 -0.990785182 0.015568359 0.134545147 88.023307800
0.180725321 0.020314645 0.983323812 51.848224640 0.009142936 0.999708712 -0.022333527 -2.861096621 -0.983491123 0.013026700 0.180486947 88.132995605
0.228928536 0.017135695 0.973292410 52.336174011 0.004623027 0.999814570 -0.018690025 -2.878148556 -0.973432302 0.008778236 0.228806883 88.280799866
0.281101495 0.015530347 0.959552467 52.800083160 0.000804925 0.999864876 -0.016418608 -2.897501230 -0.959677756 0.005387662 0.281051010 88.443252563
0.335845858 0.015225303 0.941793919 53.246734619 -0.000471056 0.999871910 -0.015996227 -2.914824486 -0.941916883 0.004928629 0.335810035 88.635749817
0.389290810 0.016533984 0.920966506 53.650001526 0.001530127 0.999825895 -0.018596521 -2.923457384 -0.921113551 0.008648649 0.389197707 88.890243530
0.449962944 0.019098239 0.892843008 54.068672180 0.002425263 0.999741495 -0.022607086 -2.947288990 -0.893043876 0.012337730 0.449800253 89.127891541
0.510414958 0.022538688 0.859632850 54.468566895 0.003280865 0.999598145 -0.028156478 -2.963330984 -0.859921992 0.017191827 0.510135889 89.389663696
0.569282770 0.027576217 0.821679235 54.822799683 -0.000226932 0.999442577 -0.033384874 -2.962388277 -0.822141707 0.018818971 0.568971694 89.672248840
0.621918857 0.030216882 0.782498538 55.134857178 -0.004376235 0.999373853 -0.035113543 -2.984780550 -0.783069491 0.018413374 0.621661603 90.019546509
0.675505161 0.030828295 0.736710608 55.462127686 -0.006149408 0.999326408 -0.036179159 -3.004981279 -0.737329662 0.019908873 0.675239682 90.360519409
0.724501967 0.029068539 0.688659549 55.752487183 -0.006534535 0.999355078 -0.035308458 -3.020874977 -0.689241767 0.021080976 0.724224627 90.714904785
0.768906355 0.025747672 0.638842821 56.001323700 -0.009075822 0.999527633 -0.029360978 -3.040436029 -0.639297009 0.016777821 0.768776774 91.103363037
0.810541153 0.022433832 0.585251927 56.251621246 -0.010652206 0.999665439 -0.023566391 -3.038708687 -0.585584819 0.012867307 0.810509026 91.503601074
0.847380877 0.020479618 0.530590653 56.471889496 -0.013350637 0.999761820 -0.017266918 -3.046408415 -0.530817747 0.007547933 0.847452343 91.926902771
0.878501475 0.017194968 0.477430075 56.657752991 -0.014267388 0.999850571 -0.009757410 -3.054547787 -0.477526456 0.001760219 0.878615558 92.361259460
0.904227495 0.017878430 0.426676780 56.810943604 -0.017989894 0.999831080 -0.003769728 -3.072199821 -0.426671982 -0.004267179 0.904396415 92.776237488
0.924041569 0.020291710 0.381753087 56.923618317 -0.021988433 0.999758184 0.000082313 -3.086957932 -0.381659061 -0.008470213 0.924264312 93.182250977
0.939311922 0.025994241 0.342077851 57.052928925 -0.028696699 0.999584079 0.002840648 -3.094090700 -0.341861695 -0.012484757 0.939667344 93.642608643
0.951244354 0.030255659 0.306950539 57.164306641 -0.032481704 0.999470055 0.002145021 -3.095886707 -0.306722909 -0.012010717 0.951723099 94.102325439
0.960470736 0.032770783 0.276445061 57.269836426 -0.034764133 0.999392867 0.002311647 -3.095440149 -0.276201427 -0.011830642 0.961026967 94.566482544
0.966562212 0.027428292 0.254960924 57.378650665 -0.029040070 0.999574900 0.002558813 -3.100382566 -0.254782349 -0.009877334 0.966947913 95.032424927
0.970656753 0.024532383 0.239214420 57.489997864 -0.026194517 0.999649763 0.003771053 -3.112902641 -0.239038095 -0.009926504 0.970959485 95.513778687
0.973499894 0.028966442 0.226845548 57.581760406 -0.030534122 0.999527931 0.003404037 -3.117028952 -0.226639837 -0.010240357 0.973924756 96.006378174
0.975459993 0.034142297 0.217513502 57.665966034 -0.035941254 0.999344528 0.004318494 -3.115986824 -0.217223480 -0.012030224 0.976047695 96.525070190
0.976719141 0.040679414 0.210630104 57.777145386 -0.042134125 0.999108970 0.002421472 -3.106101990 -0.210343942 -0.011239815 0.977562845 97.001976013
0.977019310 0.046587653 0.207997397 57.870475769 -0.047409646 0.998874903 -0.001034170 -3.110972404 -0.207811579 -0.008850681 0.978128850 97.520675659
0.977163076 0.048244387 0.206942007 57.980701447 -0.048521172 0.998815060 -0.003740816 -3.117577314 -0.206877306 -0.006385682 0.978346050 98.059089661
0.976577580 0.047195576 0.209926188 58.090877533 -0.046648238 0.998882651 -0.007560872 -3.126235008 -0.210048497 -0.002408909 0.977688015 98.595275879
0.975902259 0.045320164 0.213450134 58.221279144 -0.043305971 0.998962164 -0.014105154 -3.129333973 -0.213867888 0.004521586 0.976852119 99.143791199
0.975137293 0.045071684 0.216969445 58.358097076 -0.042052876 0.998943865 -0.018513016 -3.137552261 -0.217574686 0.008928549 0.976002812 99.694053650
0.973838270 0.049858775 0.221705154 58.476303101 -0.046969160 0.998728931 -0.018290199 -3.146474600 -0.222335249 0.007398392 0.974942207 100.278434753
0.972404659 0.052816227 0.227243364 58.608787537 -0.050858486 0.998601139 -0.014466055 -3.157284737 -0.227689505 0.002509607 0.973730564 100.865814209
0.971475303 0.049407769 0.231936753 58.757888794 -0.048413269 0.998777568 -0.009981534 -3.167506456 -0.232146367 -0.001532000 0.972679675 101.459228516
0.970725179 0.045469306 0.235850245 58.909206390 -0.045807619 0.998942137 -0.004047470 -3.183650732 -0.235784739 -0.006874756 0.971780956 102.087600708
0.969964266 0.043132734 0.239392728 59.067420959 -0.044616122 0.999003887 0.000778072 -3.194610119 -0.239120707 -0.011435472 0.970922530 102.699623108
0.969398320 0.038442854 0.242464781 59.227085114 -0.039978337 0.999199569 0.001413966 -3.200466156 -0.242216334 -0.011064032 0.970159173 103.336456299
0.969418526 0.034888212 0.242920876 59.388240814 -0.035472266 0.999368787 -0.001970673 -3.205805779 -0.242836252 -0.006706546 0.970044136 103.979629517
0.969541967 0.034396585 0.242497876 59.551536560 -0.033260431 0.999408185 -0.008778814 -3.215477228 -0.242656305 0.000445845 0.970112264 104.623573303
0.969725907 0.036793392 0.241407886 59.712982178 -0.034059394 0.999299765 -0.015489714 -3.224030256 -0.241808757 0.006798570 0.970300138 105.263038635
0.970339954 0.039583180 0.238481715 59.874271393 -0.036001310 0.999164164 -0.019358221 -3.230854988 -0.239048660 0.010198401 0.970954120 105.939102173
0.970956981 0.038237959 0.236178681 60.038528442 -0.035625573 0.999247730 -0.015320144 -3.237886429 -0.236586854 0.006461199 0.971588910 106.636184692
0.971334219 0.034206122 0.235243961 60.205215454 -0.033381518 0.999414563 -0.007487893 -3.255491257 -0.235362396 -0.000579555 0.971907556 107.344909668
0.971969962 0.034407593 0.232573569 60.376865387 -0.035036918 0.999384999 -0.001425775 -3.272115469 -0.232479587 -0.006762851 0.972577691 108.059356689
0.972222507 0.038126420 0.230932355 60.537559509 -0.038652927 0.999250174 -0.002245619 -3.281068325 -0.230844796 -0.006742970 0.972967207 108.787086487
0.972541392 0.043417543 0.228644103 60.696250916 -0.042990800 0.999051988 -0.006849284 -3.289983749 -0.228724688 -0.003168381 0.973486006 109.515869141
0.973364830 0.044664960 0.224868640 60.858722687 -0.043072321 0.999000072 -0.011985732 -3.299954653 -0.225179151 0.001980875 0.974315345 110.242919922
0.974346161 0.043157630 0.220877320 61.028656006 -0.040857352 0.999052823 -0.014974514 -3.310587168 -0.221314371 0.005565898 0.975186586 111.001098633
0.975306034 0.041079551 0.217003703 61.198135376 -0.039119337 0.999145687 -0.013322944 -3.324367762 -0.217365637 0.004504905 0.976079822 111.771827698
0.976174653 0.037335563 0.213749811 61.368175507 -0.035761468 0.999297202 -0.011227573 -3.339621544 -0.214018822 0.003316066 0.976823926 112.550636292
0.976626456 0.035998546 0.211907595 61.538391113 -0.035013463 0.999351501 -0.008400436 -3.353977203 -0.212072581 0.000784470 0.977253616 113.342605591
0.976955712 0.033248540 0.210836276 61.707862854 -0.032698296 0.999446690 -0.006096425 -3.365820885 -0.210922316 -0.000938048 0.977502406 114.146636963
0.977203429 0.027866200 0.210468441 61.879264832 -0.027449619 0.999611080 -0.004900991 -3.376439333 -0.210523218 -0.000988014 0.977588415 114.926452637
0.977292657 0.028848253 0.209921047 62.046401978 -0.028807789 0.999579608 -0.003251145 -3.388404131 -0.209926620 -0.002870042 0.977712989 115.728218079
0.977054000 0.034328476 0.210207522 62.213314056 -0.033954874 0.999408722 -0.005387257 -3.398617744 -0.210268214 -0.001873928 0.977642059 116.554580688
0.976760864 0.039688051 0.210625485 62.380184174 -0.038740609 0.999212027 -0.008624149 -3.411196232 -0.210801795 0.000263971 0.977528811 117.367790222
0.976140082 0.048387509 0.211682320 62.543319702 -0.047315530 0.998828650 -0.010129571 -3.422255516 -0.211924508 -0.000127982 0.977286041 118.198654175
0.975207925 0.054212753 0.214547306 62.710414886 -0.053337499 0.998527765 -0.009870923 -3.431801081 -0.214766547 -0.001817215 0.976663768 119.027038574
0.974361777 0.056911942 0.217670202 62.883029938 -0.056535885 0.998368800 -0.007960236 -3.450943947 -0.217768177 -0.004550030 0.975989938 119.867477417
0.973773897 0.057382468 0.220162794 63.067146301 -0.056942653 0.998342454 -0.008348784 -3.478229046 -0.220276952 -0.004406825 0.975427508 120.699089050
0.973417878 0.055944186 0.222098842 63.244792938 -0.054799151 0.998433173 -0.011319554 -3.490388393 -0.222384140 -0.001152172 0.974958420 121.515060425
0.973402321 0.050006382 0.223578259 63.439403534 -0.049048830 0.998747826 -0.009837811 -3.509337664 -0.223790243 -0.001390103 0.974636316 122.354774475
0.973775446 0.043088842 0.223393872 63.646415710 -0.041605175 0.999069571 -0.011346148 -3.530594110 -0.223674968 0.001754258 0.974662244 123.190757751
0.973431468 0.042680044 0.224965870 63.832275391 -0.041128945 0.999086678 -0.011578896 -3.548396111 -0.225254655 0.002018653 0.974297822 124.032913208
0.972976863 0.044745527 0.226525441 64.021621704 -0.043950599 0.998997033 -0.008554157 -3.568353176 -0.226681054 -0.001632932 0.973967671 124.841728210
0.972531915 0.046432532 0.228091568 64.203994751 -0.047069620 0.998888016 -0.002648938 -3.584725857 -0.227961004 -0.008160005 0.973636150 125.680725098
0.972121000 0.050470211 0.228983521 64.387802124 -0.052130971 0.998639524 0.001205630 -3.598386526 -0.228611171 -0.013109152 0.973429620 126.509826660
0.971886456 0.049815495 0.230119884 64.577659607 -0.050026011 0.998735726 -0.004923161 -3.619967222 -0.230074242 -0.006727227 0.973149836 127.343345642
0.972241402 0.045521449 0.229508981 64.777626038 -0.042158250 0.998919845 -0.019538565 -3.636417150 -0.230150506 0.009320505 0.973110378 128.144073486
