1.000000000 -0.000000000 0.000000000 0.000000004 -0.000000000 1.000000000 0.000000000 -0.000000060 0.000000000 0.000000000 0.999999940 0.000000004
0.999991596 -0.002384365 -0.003329579 -0.004099533 0.002377071 0.999994755 -0.002192733 -0.005208766 0.003334790 0.002184800 0.999992013 0.664724827
0.999971330 -0.001069043 -0.007498091 -0.012866146 0.001042193 0.999993026 -0.003583891 -0.010608617 0.007501869 0.003575973 0.999965429 1.358722568
0.999935865 -0.001681294 -0.011195254 -0.026862912 0.001626736 0.999986827 -0.004880679 -0.013502896 0.011203309 0.004862154 0.999925375 2.065124750
0.999871373 -0.000257804 -0.016030297 -0.044651911 0.000167911 0.999984264 -0.005608804 -0.016011432 0.016031493 0.005605392 0.999855757 2.785802841
0.999789596 -0.000795211 -0.020494819 -0.061281163 0.000675355 0.999982595 -0.005854368 -0.024571087 0.020499116 0.005839296 0.999772727 3.529083252
0.999689341 0.000600634 -0.024917925 -0.086804122 -0.000775765 0.999975085 -0.007019234 -0.033108115 0.024913091 0.007036384 0.999664843 4.278169155
0.999559402 0.003259896 -0.029504746 -0.122925714 -0.003494881 0.999962568 -0.007916236 -0.035152882 0.029477838 0.008015864 0.999533236 5.042911053
0.999411106 0.004030717 -0.034075093 -0.151755512 -0.004235386 0.999973416 -0.005936400 -0.051220328 0.034050263 0.006077226 0.999401569 5.836692810
0.999249756 0.003313334 -0.038584515 -0.187507212 -0.003442161 0.999988735 -0.003272859 -0.057634696 0.038573232 0.003403218 0.999249995 6.633515835
0.999123514 0.003266847 -0.041729532 -0.229341283 -0.003294425 0.999994397 -0.000592119 -0.065422863 0.041727360 0.000729075 0.999128759 7.442609310
0.999007106 0.004250950 -0.044346593 -0.271776289 -0.004316453 0.999989748 -0.001381406 -0.074275665 0.044340272 0.001571455 0.999015212 8.254504204
0.998913646 0.003864089 -0.046439417 -0.317551464 -0.003941569 0.999990940 -0.001576953 -0.080247179 0.046432905 0.001758284 0.998919845 9.073201180
0.998850763 0.001301008 -0.047910463 -0.364090472 -0.001414487 0.999996305 -0.002334760 -0.085466281 0.047907244 0.002399846 0.998848915 9.899557114
0.998725951 0.000362260 -0.050460704 -0.397641271 -0.000433880 0.999998927 -0.001408362 -0.091881029 0.050460141 0.001428462 0.998725057 10.759660721
0.998645246 -0.000969767 -0.052025363 -0.444164604 0.000871155 0.999997854 -0.001918108 -0.097385719 0.052027099 0.001870187 0.998643994 11.610212326
0.998552442 0.001233635 -0.053771231 -0.496492147 -0.001449539 0.999991119 -0.003976414 -0.109635897 0.053765841 0.004048600 0.998545408 12.463911057
0.998487473 0.001575655 -0.054956492 -0.547995210 -0.001938641 0.999976695 -0.006552277 -0.119145505 0.054944888 0.006648907 0.998467207 13.334732056
0.998379529 0.005272196 -0.056661021 -0.606491625 -0.005736309 0.999951303 -0.008031508 -0.132932007 0.056615915 0.008343520 0.998361111 14.210931778
0.998313785 0.006710711 -0.057659976 -0.663750768 -0.007166371 0.999944806 -0.007699368 -0.144296974 0.057605118 0.008099597 0.998306513 15.103327751
0.998233497 0.005445552 -0.059162561 -0.715623617 -0.005821683 0.999964058 -0.006187081 -0.158663541 0.059126735 0.006520578 0.998229086 15.992834091
0.998167753 0.006273872 -0.060180236 -0.779739738 -0.006591571 0.999965370 -0.005082058 -0.167378291 0.060146265 0.005469429 0.998174548 16.891139984
0.998087287 0.005616075 -0.061564840 -0.837391853 -0.005926403 0.999970675 -0.004859212 -0.184110358 0.061535735 0.005214776 0.998091221 17.813156128
0.997993112 0.005722281 -0.063062795 -0.893512905 -0.006078755 0.999966502 -0.005462269 -0.200923428 0.063029438 0.005834650 0.997994542 18.700157166
0.997945964 0.004292504 -0.063917384 -0.959571779 -0.004682158 0.999971271 -0.005947656 -0.215371624 0.063890018 0.006234712 0.997937322 19.613046646
0.997895837 0.003753848 -0.064728312 -1.014577627 -0.004043020 0.999982297 -0.004337061 -0.225149155 0.064710900 0.004589634 0.997893453 20.533395767
0.997907043 0.005837705 -0.064400300 -1.082703829 -0.005933355 0.999981582 -0.001294081 -0.232440293 0.064391553 0.001673482 0.997923255 21.459486008
0.997964919 0.006744329 -0.063406356 -1.147252917 -0.006601871 0.999975204 0.002455984 -0.241272151 0.063421331 -0.002032385 0.997984707 22.392223358
0.998072267 0.006012719 -0.061770014 -1.210223675 -0.005687135 0.999969006 0.005445362 -0.249771178 0.061800834 -0.005083570 0.998075485 23.328378677
0.998159647 0.005951592 -0.060347952 -1.267469525 -0.005592166 0.999965608 0.006123060 -0.255124211 0.060382314 -0.005774315 0.998158634 24.275121689
0.998233914 0.006360818 -0.059065092 -1.320414186 -0.006185943 0.999975920 0.003143092 -0.260737002 0.059083659 -0.002772166 0.998249173 25.214836121
0.998288929 0.006883739 -0.058067579 -1.382084012 -0.006972859 0.999974787 -0.001332269 -0.270400167 0.058056947 0.001734888 0.998311758 26.156589508
0.998347461 0.006511434 -0.057095490 -1.430502057 -0.006768153 0.999967754 -0.004304054 -0.279619485 0.057065632 0.004683372 0.998359382 27.106266022
0.998390436 0.003825289 -0.056585915 -1.481049418 -0.004033367 0.999985516 -0.003563434 -0.287343502 0.056571465 0.003785930 0.998391271 28.063690186
0.998403192 0.002094130 -0.056451097 -1.542777419 -0.002002459 0.999996483 0.001680451 -0.299868315 0.056454420 -0.001564726 0.998403847 29.036771774
0.998367429 -0.001180389 -0.057107236 -1.603254557 0.001485265 0.999984920 0.005296519 -0.316679895 0.057100117 -0.005372691 0.998353899 29.993291855
0.998263121 -0.008289332 -0.058329575 -1.649941802 0.008568357 0.999953091 0.004535116 -0.323127925 0.058289245 -0.005027027 0.998287082 30.967735291
0.998151541 -0.010952379 -0.059779011 -1.702584505 0.011012236 0.999939144 0.000671921 -0.325702876 0.059768010 -0.001328980 0.998211384 31.930091858
0.998069882 -0.010752209 -0.061162170 -1.765746355 0.010572784 0.999938786 -0.003256474 -0.333342582 0.061193436 0.002603534 0.998122513 32.912410736
0.997952640 -0.009317634 -0.063275218 -1.833921909 0.009063747 0.999949753 -0.004298301 -0.337679654 0.063312076 0.003715990 0.997986853 33.920734406
0.997904420 -0.009419220 -0.064014688 -1.891612530 0.009284186 0.999953926 -0.002406594 -0.360248983 0.064034402 0.001807227 0.997946024 34.867530823
0.997838438 -0.006461902 -0.065395631 -1.960549235 0.006497861 0.999978721 0.000337203 -0.373053640 0.065392062 -0.000761406 0.997859359 35.865982056
0.997751474 -0.006481447 -0.066707350 -2.027863264 0.006614000 0.999976575 0.001766407 -0.384557039 0.066694334 -0.002203638 0.997770965 36.852756500
0.997719765 -0.005174979 -0.067293651 -2.102688313 0.005478278 0.999975622 0.004323342 -0.392663181 0.067269638 -0.004682139 0.997723818 37.823303223
0.997704029 -0.004767373 -0.067556351 -2.162618399 0.005270130 0.999959767 0.007265755 -0.401693642 0.067518994 -0.007605103 0.997688890 38.820732117
0.997667372 0.000410475 -0.068260908 -2.239786386 0.000237855 0.999955058 0.009489404 -0.400920570 0.068261735 -0.009483507 0.997622311 39.810108185
0.997683108 0.001249437 -0.068021007 -2.316760063 -0.000640562 0.999959588 0.008972348 -0.413202673 0.068029471 -0.008907988 0.997643530 40.782997131
0.997670233 0.001009098 -0.068212636 -2.378596783 -0.000513721 0.999973357 0.007279400 -0.413490653 0.068218157 -0.007227399 0.997644246 41.783432007
0.997678876 0.003403394 -0.068009548 -2.461376905 -0.003066184 0.999982536 0.005062039 -0.419372946 0.068025589 -0.004841760 0.997671783 42.775493622
0.997636914 0.003085120 -0.068637379 -2.537393570 -0.002742403 0.999983251 0.005086818 -0.424923182 0.068651929 -0.004886566 0.997628748 43.752429962
0.997516870 0.000600776 -0.070424579 -2.597476721 -0.000159864 0.999980390 0.006266247 -0.431257814 0.070426978 -0.006239430 0.997497439 44.757377625
0.997479737 0.001085142 -0.070943370 -2.674153805 -0.000556432 0.999972045 0.007471906 -0.440338045 0.070949502 -0.007413601 0.997452378 45.739925385
0.997471094 0.003846377 -0.070970155 -2.760457277 -0.003581689 0.999986231 0.003856460 -0.452275813 0.070984006 -0.003592515 0.997470975 46.716747284
0.997374594 0.003878525 -0.072311148 -2.821274996 -0.003903630 0.999992371 -0.000205858 -0.455963463 0.072309807 0.000487594 0.997381985 47.672344208
0.997333348 0.005051609 -0.072805852 -2.899946690 -0.005181534 0.999985337 -0.001595776 -0.462314159 0.072796725 0.001968766 0.997344732 48.642982483
0.997337103 0.003769681 -0.072832137 -2.978060484 -0.003607064 0.999990761 0.002364167 -0.482291043 0.072840363 -0.002095161 0.997341335 49.617794037
0.997309923 0.001500459 -0.073284276 -3.033982038 -0.001119956 0.999985635 0.005232973 -0.485744208 0.073291063 -0.005136822 0.997297347 50.567302704
0.997290850 -0.000253086 -0.073558785 -3.106322527 0.000696336 0.999981761 0.006000210 -0.497446388 0.073555917 -0.006035177 0.997272849 51.533042908
0.997274458 -0.003442520 -0.073700331 -3.181399107 0.003795646 0.999982059 0.004651841 -0.506820679 0.073682994 -0.004918905 0.997269511 52.486492157
0.997200429 -0.007372534 -0.074410483 -3.236958981 0.007672272 0.999963582 0.003743135 -0.515471697 0.074380174 -0.004303554 0.997220695 53.441726685
0.997131050 -0.008721608 -0.075190775 -3.311771154 0.009116973 0.999946475 0.004916552 -0.525161207 0.075143859 -0.005587958 0.997157097 54.394168854
0.996994495 -0.012323402 -0.076486297 -3.378896713 0.013054007 0.999873817 0.009059492 -0.528795481 0.076365001 -0.010030716 0.997029543 55.343090057
0.996942759 -0.012406206 -0.077144213 -3.447544336 0.013492009 0.999816895 0.013569741 -0.527742922 0.076961711 -0.014569087 0.996927559 56.284233093
0.996932924 -0.010736427 -0.077521265 -3.528368950 0.011998517 0.999802649 0.015833160 -0.528383851 0.077335961 -0.016714739 0.996864915 57.232288361
0.996831954 -0.009310883 -0.078989707 -3.606231451 0.010275443 0.999877393 0.011813520 -0.531361997 0.078870021 -0.012587751 0.996805370 58.159942627
0.996739984 -0.007386175 -0.080343693 -3.683217764 0.007745138 0.999961317 0.004157115 -0.541618168 0.080309890 -0.004765835 0.996758521 59.053131104
0.996675432 -0.006011794 -0.081252314 -3.760276794 0.005979045 0.999981880 -0.000646366 -0.549006104 0.081254721 0.000158406 0.996693313 59.978740692
0.996635258 -0.000869376 -0.081959315 -3.847263336 0.000886881 0.999999642 0.000177185 -0.558884799 0.081959121 -0.000249277 0.996635616 60.878215790
0.996518850 0.001872773 -0.083346613 -3.930551529 -0.001666467 0.999995351 0.002544797 -0.574100316 0.083350994 -0.002397044 0.996517360 61.777023315
0.996429622 0.004413540 -0.084311590 -4.006540298 -0.004092246 0.999983668 0.003983236 -0.588898659 0.084327810 -0.003623990 0.996431470 62.655399323
0.996318340 0.005138623 -0.085576132 -4.084303856 -0.004837092 0.999981344 0.003730502 -0.598278344 0.085593700 -0.003302827 0.996324718 63.519485474
0.996183634 0.006452376 -0.087042466 -4.164200783 -0.006061119 0.999970198 0.004758552 -0.608411610 0.087070577 -0.004212817 0.996193230 64.361534119
0.996051192 0.007445848 -0.088467591 -4.244916916 -0.007002666 0.999961257 0.005318850 -0.619373739 0.088503771 -0.004678338 0.996064901 65.202850342
0.995932937 0.007068476 -0.089819364 -4.319421768 -0.006567657 0.999961197 0.005870184 -0.631767690 0.089857362 -0.005256408 0.995940745 66.023986816
0.995840549 0.006598223 -0.090873137 -4.395298958 -0.005984096 0.999957383 0.007028881 -0.638652563 0.090915628 -0.006455853 0.995837688 66.827919006
0.995676517 0.009702859 -0.092380330 -4.471893787 -0.008861359 0.999915481 0.009514887 -0.643884242 0.092464827 -0.008655133 0.995678306 67.627471924
0.995535851 0.011327592 -0.093701512 -4.551954746 -0.010093250 0.999856055 0.013636557 -0.650826216 0.093842499 -0.012629930 0.995506883 68.410942078
0.995361686 0.014288926 -0.095135741 -4.642325878 -0.012878379 0.999798119 0.015424225 -0.652202308 0.095336936 -0.014127490 0.995344758 69.200057983
0.995205045 0.017055560 -0.096312016 -4.724120140 -0.016033459 0.999806702 0.011376415 -0.659674346 0.096487440 -0.009777651 0.995286167 69.946899414
0.995036483 0.017065147 -0.098036386 -4.792389870 -0.016745193 0.999851465 0.004085559 -0.670202374 0.098091543 -0.002423642 0.995174408 70.676757812
0.994905531 0.016338240 -0.099478327 -4.865418434 -0.016597426 0.999860644 -0.001778330 -0.675605059 0.099435419 0.003420354 0.995038152 71.381973267
0.994853377 0.017068977 -0.099876381 -4.940770626 -0.017458422 0.999843001 -0.003026517 -0.681306660 0.099809043 0.004754625 0.994995296 72.077323914
0.994734585 0.019532556 -0.100605994 -5.019043922 -0.019580925 0.999808311 0.000506772 -0.690271616 0.100596584 0.001465855 0.994926214 72.750961304
0.994611442 0.020106869 -0.101704448 -5.093856335 -0.019872526 0.999797046 0.003316943 -0.711793482 0.101750501 -0.001277946 0.994809151 73.393539429
0.994586408 0.016887236 -0.102531374 -5.159630299 -0.016975330 0.999855995 0.000013367 -0.723439634 0.102516815 0.001727209 0.994729817 74.023612976
0.994631350 0.008564348 -0.103126794 -5.204888344 -0.009174040 0.999943137 -0.005439172 -0.735350609 0.103074342 0.006356059 0.994653404 74.638481140
0.994792819 0.004478667 -0.101819098 -5.270184994 -0.005560148 0.999931097 -0.010340267 -0.743798673 0.101765774 0.010852551 0.994749069 75.250350952
0.995053709 0.006785937 -0.099106513 -5.324511528 -0.007884170 0.999911666 -0.010693882 -0.753449738 0.099025205 0.011422357 0.995019317 75.834144592
0.995439649 0.011792070 -0.094661631 -5.394213200 -0.012569934 0.999891937 -0.007625198 -0.767939806 0.094561487 0.008780312 0.995480180 76.405967712
0.995859921 0.010261316 -0.090319484 -5.434685230 -0.010694987 0.999933481 -0.004318849 -0.780722439 0.090269148 0.005266935 0.995903373 76.948677063
0.996423662 0.006684558 -0.084232837 -5.476355076 -0.006735247 0.999977291 -0.000317621 -0.790361941 0.084228799 0.000883814 0.996446013 77.497383118
0.997113943 0.002289383 -0.075885057 -5.508847713 -0.002046688 0.999992549 0.003275803 -0.804650903 0.075891979 -0.003111036 0.997111201 78.024322510
0.997841835 0.005799848 -0.065406725 -5.540221214 -0.005612097 0.999979675 0.003053885 -0.812065303 0.065423101 -0.002680225 0.997853994 78.541816711
0.998678207 0.011300887 -0.050141715 -5.567217350 -0.011183181 0.999934018 0.002627402 -0.822162807 0.050168101 -0.002063185 0.998738647 79.039489746
0.999360383 0.016058534 -0.031950373 -5.586968899 -0.015967051 0.999867737 0.003116330 -0.825658977 0.031996198 -0.002604184 0.999484599 79.553710938
0.999838471 0.014820560 -0.010167043 -5.570780277 -0.014782522 0.999883473 0.003806564 -0.834434450 0.010222274 -0.003655654 0.999941051 80.005699158
0.999798834 0.011370751 0.016524335 -5.546020508 -0.011448098 0.999923825 0.004593740 -0.839755177 -0.016470848 -0.004781987 0.999852955 80.474288940
0.998899102 0.010225486 0.045782082 -5.499086380 -0.010517399 0.999925852 0.006139803 -0.847463667 -0.045715906 -0.006614552 0.998932540 80.935829163
0.996836662 0.009867383 0.078862414 -5.444750786 -0.010530692 0.999912441 0.007999469 -0.859713197 -0.078776583 -0.008804639 0.996853352 81.380783081
0.993151188 0.009374788 0.116459392 -5.374603271 -0.010448144 0.999908388 0.008609518 -0.867079973 -0.116367996 -0.009767339 0.993158102 81.800277710
0.987362683 0.009717495 0.158178478 -5.281898975 -0.011168798 0.999903262 0.008288732 -0.868227005 -0.158082604 -0.009950648 0.987375736 82.227478027
0.979132295 0.009103416 0.203019798 -5.162428856 -0.011025569 0.999904513 0.008338812 -0.876064479 -0.202924460 -0.010403209 0.979139149 82.639900208
0.967618227 0.011443083 0.252158821 -5.033470154 -0.013398821 0.999891996 0.006040224 -0.882823050 -0.252062440 -0.009223262 0.967666924 83.041152954
0.952266455 0.012188395 0.305024534 -4.872887135 -0.013880221 0.999898016 0.003378465 -0.893869460 -0.304952204 -0.007451007 0.952338457 83.413604736
0.932414711 0.012893428 0.361160368 -4.717103481 -0.014315851 0.999896586 0.001263182 -0.898413241 -0.361106813 -0.006348127 0.932502747 83.764320374
0.908167779 0.013292902 0.418395430 -4.514868736 -0.014345986 0.999896824 -0.000628517 -0.903501451 -0.418360621 -0.005431497 0.908264697 84.115417480
0.879131317 0.013621620 0.476384878 -4.299335957 -0.014055395 0.999897659 -0.002652658 -0.910119712 -0.476372302 -0.004363744 0.879232705 84.439605713
0.845809102 0.012292111 0.533344150 -4.051641464 -0.011431222 0.999922574 -0.004917140 -0.915903747 -0.533363223 -0.001937815 0.845884085 84.746101379
0.808690429 0.012728362 0.588096738 -3.789052248 -0.010546710 0.999918818 -0.007138800 -0.916737795 -0.588139892 -0.000429407 0.808759093 85.014747620
0.768452287 0.010660632 0.639818311 -3.511167288 -0.009393583 0.999941349 -0.005378848 -0.935154438 -0.639838099 -0.001876799 0.768507302 85.297088623
0.727255762 0.010765675 0.686282218 -3.229741096 -0.011598291 0.999926984 -0.003395058 -0.941755652 -0.686268568 -0.005490624 0.727327466 85.523368835
0.681711972 0.009859974 0.731554329 -2.927855968 -0.010812900 0.999935806 -0.003401059 -0.946462631 -0.731540859 -0.005591679 0.681774676 85.755729675
0.635277331 0.008611265 0.772236109 -2.604746580 -0.007722956 0.999958754 -0.004797355 -0.953474998 -0.772245407 -0.002916293 0.635317564 85.960411072
0.588380218 0.005885403 0.808563113 -2.267802715 -0.002045987 0.999981225 -0.005789869 -0.962769151 -0.808581829 0.001752335 0.588381171 86.146064758
0.541306853 0.007666320 0.840790212 -1.926128626 -0.003816273 0.999970555 -0.006660780 -0.973113537 -0.840816498 0.000396841 0.541320145 86.315879822
0.494286090 0.011123587 0.869228125 -1.591014504 -0.006946367 0.999936759 -0.008846229 -0.974521697 -0.869271517 -0.001665408 0.494332105 86.468704224
0.448715866 0.013446306 0.893573403 -1.252244473 -0.008221367 0.999906600 -0.010917953 -0.983480275 -0.893636644 -0.002447336 0.448784500 86.602813721
0.404971391 0.011164405 0.914261162 -0.921797335 -0.001442353 0.999931931 -0.011571676 -0.991296589 -0.914328158 0.003367510 0.404959917 86.728157043
0.365649253 0.003441354 0.930746317 -0.552589715 0.013775012 0.999863625 -0.009108506 -0.996074975 -0.930650711 0.016151562 0.365551978 86.813003540
0.330257595 -0.000338199 0.943890810 -0.185517773 0.017732773 0.999825597 -0.005846271 -1.001958489 -0.943724215 0.018668573 0.330206007 86.902877808
0.297131181 0.004156489 0.954827607 0.191336825 0.015540122 0.999837041 -0.009188322 -1.003632426 -0.954710126 0.017568273 0.297018141 87.011489868
0.265851051 0.011546681 0.963945031 0.554015100 0.004302712 0.999904096 -0.013164085 -1.021137714 -0.964004397 0.007647264 0.265775889 87.111541748
0.237060636 0.016367272 0.971356988 0.936560512 -0.000648947 0.999860466 -0.016689181 -1.037094593 -0.971494615 0.003325988 0.237038180 87.198257446
0.211317033 0.017922737 0.977253258 1.327316165 0.000773469 0.999828458 -0.018504020 -1.052332520 -0.977417231 0.004666088 0.211266905 87.262702942
0.187723309 0.019547818 0.982027411 1.738815546 0.007941524 0.999739110 -0.021418475 -1.060951948 -0.982189894 0.011819540 0.187519088 87.318878174
0.167939246 0.025317578 0.985472202 2.148856878 0.014863820 0.999491453 -0.028210765 -1.067288876 -0.985685289 0.019385574 0.167477533 87.354393005
0.148508802 0.032913189 0.988363206 2.581402540 0.016765434 0.999218583 -0.035793807 -1.060693026 -0.988768876 0.021886034 0.147840947 87.405822754
0.130587488 0.033208650 0.990880430 3.016270876 0.015297568 0.999252379 -0.035505287 -1.073672891 -0.991318703 0.019794609 0.129981831 87.461402893
0.115210019 0.028752465 0.992924929 3.471732616 0.013158963 0.999449134 -0.030468233 -1.099288702 -0.993253946 0.016576111 0.114768207 87.506538391
0.100237526 0.025481055 0.994637132 3.943455219 0.013474744 0.999545574 -0.026964754 -1.120159388 -0.994872272 0.016105363 0.099848621 87.555114746
0.087377511 0.023278316 0.995903254 4.420101643 0.015669975 0.999571145 -0.024738882 -1.135899067 -0.996052027 0.017767401 0.086975269 87.578399658
0.075744607 0.022302303 0.996877789 4.915507317 0.019955134 0.999515653 -0.023877548 -1.150918245 -0.996927500 0.021701425 0.075262852 87.602371216
0.065580428 0.022837212 0.997585833 5.427223682 0.023241572 0.999431849 -0.024407350 -1.166720986 -0.997576535 0.024786111 0.065012373 87.626464844
0.057687797 0.023489190 0.998058259 5.962496758 0.025259221 0.999368727 -0.024980012 -1.182693243 -0.998014987 0.026651219 0.057058048 87.655342102
0.052254882 0.023685846 0.998352766 6.505133152 0.026777927 0.999325871 -0.025110519 -1.200910449 -0.998274684 0.028045969 0.051585391 87.673912048
0.046841290 0.024917983 0.998591602 7.065713882 0.028234856 0.999256313 -0.026258999 -1.210641026 -0.998503208 0.029425090 0.046102904 87.691482544
0.041216049 0.025559137 0.998823285 7.639969349 0.028862273 0.999225080 -0.026760411 -1.227808952 -0.998733282 0.029931268 0.040446412 87.705741882
0.036588240 0.025528837 0.999004245 8.246201515 0.031326633 0.999153078 -0.026679968 -1.246819139 -0.998839259 0.032271612 0.035757516 87.726707458
0.033561502 0.025572542 0.999109507 8.863811493 0.032496963 0.999116123 -0.026664341 -1.265616536 -0.998908162 0.033362918 0.032700807 87.745239258
0.030739777 0.025151927 0.999210835 9.505971909 0.033499923 0.999095738 -0.026179623 -1.284343600 -0.998965800 0.034278240 0.029869396 87.761901855
0.028184770 0.024373483 0.999305546 10.151239395 0.035635784 0.999042690 -0.025372159 -1.305937409 -0.998967290 0.036326148 0.027289221 87.777900696
0.027468795 0.024006842 0.999334395 10.829266548 0.040350370 0.998870134 -0.025104806 -1.325622082 -0.998807967 0.041013110 0.026469076 87.790496826
0.028880257 0.023647605 0.999303102 11.529603958 0.043700658 0.998734474 -0.024897113 -1.347633481 -0.998627126 0.044389237 0.027810289 87.807235718
0.031069869 0.023664804 0.999237001 12.216846466 0.044916801 0.998676598 -0.025048159 -1.364410758 -0.998507440 0.045660775 0.029965799 87.822082520
0.034640633 0.023846770 0.999115288 12.941679955 0.047350224 0.998553276 -0.025475055 -1.383613825 -0.998277426 0.048190810 0.033461370 87.850502014
0.039462082 0.023209449 0.998951495 13.724370956 0.048480317 0.998508334 -0.025114294 -1.409117818 -0.998044252 0.049420547 0.038278013 87.879730225
0.043286409 0.021667533 0.998827755 14.485796928 0.049750570 0.998477638 -0.023815991 -1.428657770 -0.997823179 0.050723165 0.042142536 87.918273926
0.047124166 0.019844430 0.998691857 15.198519707 0.049201772 0.998542905 -0.022163101 -1.451757431 -0.997676551 0.050181840 0.046079125 87.946853638
0.051216714 0.017624745 0.998532057 15.975309372 0.045989655 0.998741984 -0.019987350 -1.475034237 -0.997628093 0.046945829 0.050341729 87.995796204
0.055338789 0.016720261 0.998327613 16.768802643 0.045103196 0.998797238 -0.019228263 -1.493624806 -0.997448325 0.046091836 0.054518092 88.046630859
0.059360776 0.017807178 0.998077691 17.569379807 0.042566352 0.998886287 -0.020353237 -1.515520334 -0.997328639 0.043692708 0.058536682 88.099952698
0.062256273 0.022048574 0.997816622 18.373102188 0.040280789 0.998885810 -0.024585418 -1.542003989 -0.997246981 0.041723434 0.061298776 88.159599304
0.063547008 0.027198523 0.997608125 19.172462463 0.034589604 0.998967886 -0.029438933 -1.570697069 -0.997379243 0.036377635 0.062540635 88.224411011
0.063326299 0.030013990 0.997541368 19.977191925 0.031710744 0.998982489 -0.032070424 -1.603275180 -0.997488916 0.033663679 0.062310092 88.280433655
0.063267082 0.029771412 0.997552454 20.796688080 0.029406264 0.999065399 -0.031681579 -1.632284284 -0.997563303 0.031338688 0.062332477 88.344367981
0.063152358 0.027872477 0.997614563 21.602453232 0.026414707 0.999213040 -0.029589277 -1.668843031 -0.997654319 0.028220328 0.062366407 88.405136108
0.063424677 0.026756752 0.997627854 22.437908173 0.027097186 0.999225795 -0.028522326 -1.702371597 -0.997618675 0.028841926 0.062650539 88.453613281
0.063594818 0.025619157 0.997646809 23.252906799 0.024976639 0.999316454 -0.027254160 -1.743598223 -0.997663200 0.026651090 0.062911466 88.515922546
0.064228013 0.026128516 0.997593105 24.068058014 0.023122769 0.999349773 -0.027663235 -1.772514224 -0.997667372 0.024843868 0.063582085 88.565155029
0.063990586 0.026745874 0.997592032 24.886066437 0.019643627 0.999413371 -0.028054746 -1.810183287 -0.997757077 0.021391569 0.063427664 88.630004883
0.062804550 0.028181810 0.997627795 25.695579529 0.017056676 0.999424934 -0.029306358 -1.841368556 -0.997879982 0.018856792 0.062287744 88.686012268
0.059545275 0.027601825 0.997843921 26.513051987 0.013453547 0.999504626 -0.028450586 -1.878535271 -0.998134911 0.015118641 0.059144441 88.748977661
0.055926878 0.026624752 0.998079777 27.315748215 0.011578978 0.999559879 -0.027313055 -1.907789826 -0.998367727 0.013084280 0.055593979 88.796180725
0.051332515 0.024126286 0.998390198 28.129907608 0.009865331 0.999647081 -0.024663894 -1.939200401 -0.998632908 0.011115508 0.051076390 88.840408325
0.044860978 0.021989685 0.998751223 28.935132980 0.007622115 0.999721110 -0.022353401 -1.971253514 -0.998964190 0.008615391 0.044680856 88.883483887
0.037592266 0.022479584 0.999040186 29.745183945 0.007289038 0.999714255 -0.022769021 -1.999827504 -0.999266565 0.008137980 0.037417661 88.913650513
0.029031551 0.023334417 0.999306023 30.545934677 0.007306128 0.999695957 -0.023555772 -2.028881073 -0.999551773 0.007984919 0.028852234 88.936920166
0.019175960 0.023605021 0.999537408 31.351642609 0.008040634 0.999685347 -0.023762770 -2.056722641 -0.999783814 0.008492589 0.018980121 88.952667236
0.008585193 0.022744736 0.999704480 32.139324188 0.009333911 0.999695837 -0.022824703 -2.086391687 -0.999919474 0.009527107 0.008370284 88.960998535
-0.002431960 0.021819064 0.999759018 32.932811737 0.008066656 0.999729812 -0.021798806 -2.116935730 -0.999964476 0.008011698 -0.002607310 88.962921143
-0.013731439 0.020769166 0.999690056 33.708061218 0.009759751 0.999739468 -0.020636136 -2.145483971 -0.999858022 0.009473362 -0.013930560 88.948783875
-0.024514725 0.021504169 0.999468029 34.495426178 0.009751828 0.999726176 -0.021270538 -2.170440912 -0.999651849 0.009225200 -0.024717717 88.932273865
-0.035723805 0.022086615 0.999117553 35.272720337 0.009736429 0.999715984 -0.021751717 -2.196887255 -0.999314249 0.008950782 -0.035928704 88.904937744
-0.045858290 0.023093466 0.998681009 36.038017273 0.009550581 0.999697149 -0.022678407 -2.227975607 -0.998902321 0.008497991 -0.046064958 88.858238220
-0.056369528 0.024103772 0.998118997 36.804195404 0.010098369 0.999671042 -0.023570940 -2.253013134 -0.998358905 0.008750692 -0.056594394 88.815979004
-0.065623999 0.024765076 0.997537076 37.559425354 0.011434261 0.999644935 -0.024065193 -2.286597013 -0.997778893 0.009826845 -0.065883875 88.757675171
-0.075499915 0.025438562 0.996821225 38.322811127 0.011938234 0.999625921 -0.024605924 -2.310882568 -0.997074306 0.010042540 -0.075775355 88.705253601
-0.084902145 0.025743304 0.996056736 39.061809540 0.012601377 0.999613941 -0.024761124 -2.341743708 -0.996309698 0.010449413 -0.085193768 88.642417908
-0.093611933 0.025551014 0.995280802 39.793846130 0.013945508 0.999606192 -0.024350395 -2.364550829 -0.995510995 0.011600209 -0.093931384 88.570381165
-0.100641340 0.024012711 0.994632959 40.527984619 0.015868481 0.999620259 -0.022527473 -2.395854473 -0.994796157 0.013516120 -0.100984164 88.487411499
-0.106084496 0.022406375 0.994104624 41.254173279 0.018542880 0.999616742 -0.020551834 -2.422373295 -0.994184136 0.016253332 -0.106459327 88.414077759
-0.109880276 0.021118980 0.993720472 41.960151672 0.021850670 0.999583900 -0.018827464 -2.444232702 -0.993704557 0.019644691 -0.110296018 88.327590942
-0.112511002 0.019945621 0.993450165 42.661449432 0.023304317 0.999576449 -0.017429341 -2.466341972 -0.993377149 0.021190688 -0.112928174 88.246444702
-0.114414178 0.018903060 0.993253171 43.345130920 0.023219144 0.999596715 -0.016349139 -2.492175579 -0.993161738 0.021191915 -0.114806950 88.170814514
-0.115173824 0.019440781 0.993155062 44.003051758 0.024327157 0.999563813 -0.016745070 -2.513841152 -0.993047416 0.022232046 -0.115596518 88.091796875
-0.114152461 0.020468503 0.993252337 44.652713776 0.025036028 0.999529421 -0.017720524 -2.534444809 -0.993147731 0.022844248 -0.114611194 88.018501282
-0.110998623 0.022237346 0.993571818 45.277694702 0.026075590 0.999470592 -0.019456292 -2.556292772 -0.993478417 0.023748344 -0.111519717 87.948440552
-0.105712622 0.022561042 0.994140685 45.908100128 0.026031066 0.999462783 -0.019913787 -2.581884146 -0.994055867 0.023773400 -0.106243119 87.880714417
-0.098033212 0.023213482 0.994912326 46.502429962 0.025408175 0.999460399 -0.020816017 -2.604542255 -0.994858682 0.023238240 -0.098570123 87.831901550
-0.086649805 0.023268763 0.995967090 47.087059021 0.024602514 0.999472201 -0.021210222 -2.627111673 -0.995934963 0.022665432 -0.087176561 87.788421631
-0.073071197 0.023298593 0.997054577 47.641002655 0.023779567 0.999483585 -0.021612620 -2.653021097 -0.997043133 0.022130268 -0.073587500 87.758499146
-0.056162536 0.024218142 0.998127878 48.187374115 0.022470940 0.999483168 -0.022986636 -2.684302092 -0.998168707 0.021137886 -0.056677714 87.746780396
-0.034755938 0.026977370 0.999031603 48.694374084 0.020269260 0.999449015 -0.026283478 -2.705622435 -0.999190152 0.019336123 -0.035283595 87.740768433
-0.010174761 0.030228002 0.999491215 49.220096588 0.018190213 0.999383092 -0.030039560 -2.727934837 -0.999782741 0.017875310 -0.010718336 87.754608154
0.017996822 0.031570010 0.999339461 49.729339600 0.016315810 0.999358952 -0.031864449 -2.754122019 -0.999704897 0.016878495 0.017470201 87.789657593
0.051399101 0.031000081 0.998196959 50.241512299 0.013470764 0.999405622 -0.031731255 -2.776824713 -0.998587251 0.015077434 0.050950948 87.831138611
0.089664333 0.029053967 0.995548189 50.732650757 0.013145764 0.999452770 -0.030351900 -2.789801836 -0.995885253 0.015808724 0.089233346 87.887985229
0.131976515 0.025315514 0.990929425 51.251827240 0.010480872 0.999582291 -0.026932456 -2.815333843 -0.991197407 0.013940258 0.131656051 87.979919434
0.177936271 0.021246640 0.983812630 51.737480164 0.007708436 0.999706149 -0.022984058 -2.833698511 -0.984011769 0.011673355 0.177720189 88.085334778
0.226326242 0.018066470 0.973883986 52.227752686 0.003035662 0.999810040 -0.019252896 -2.850745916 -0.974046826 0.007313816 0.226228401 88.229240417
0.277393013 0.016591266 0.960613191 52.694553375 -0.000726230 0.999854267 -0.017059309 -2.869571447 -0.960756242 0.004034506 0.277364612 88.403930664
0.331641555 0.016182879 0.943266571 53.137031555 -0.002460139 0.999864340 -0.016288925 -2.888172626 -0.943402231 0.003081517 0.331636369 88.602432251
0.388116837 0.017013662 0.921453118 53.552219391 0.000690447 0.999823928 -0.018751515 -2.898492336 -0.921609879 0.007913992 0.388036758 88.825035095
0.448840797 0.019523406 0.893398464 53.972454071 0.001716711 0.999740720 -0.022709768 -2.922156572 -0.893610060 0.011726776 0.448690861 89.061294556
0.509237826 0.022708928 0.860326171 54.373428345 0.002299247 0.999612451 -0.027746439 -2.942532778 -0.860622704 0.016107639 0.508988261 89.325881958
0.568563938 0.028020449 0.822161674 54.730411530 -0.000865522 0.999439478 -0.033463784 -2.937339067 -0.822638571 0.018314701 0.568269551 89.601669312
0.621908605 0.030742353 0.782486141 55.048057556 -0.005351026 0.999372602 -0.035010472 -2.958313227 -0.783071458 0.017586220 0.621682942 89.941184998
0.675483465 0.030935144 0.736726046 55.375850677 -0.006854925 0.999339759 -0.035677217 -2.981721163 -0.737343311 0.019049171 0.675249517 90.282356262
0.724416494 0.029085282 0.688748717 55.664379120 -0.007292742 0.999376953 -0.034532446 -2.999676466 -0.689323962 0.019993009 0.724177241 90.636329651
0.768503964 0.026678547 0.639288723 55.908683777 -0.010318650 0.999517143 -0.029307164 -3.010685682 -0.639761925 0.015926078 0.768408120 91.027770996
0.810477853 0.022779560 0.585326195 56.163196564 -0.011317861 0.999666035 -0.023233328 -3.011988163 -0.585659921 0.012205458 0.810464919 91.424438477
0.847371519 0.020822156 0.530592084 56.384353638 -0.013975143 0.999759257 -0.016915077 -3.018890858 -0.530816495 0.006918254 0.847458482 91.847801208
0.878461540 0.017293958 0.477499902 56.566013336 -0.014679932 0.999849916 -0.009205459 -3.030635118 -0.477587372 0.001076977 0.878583610 92.277885437
0.904194117 0.018681508 0.426712990 56.730648041 -0.018973850 0.999813676 -0.003566760 -3.040977716 -0.426699996 -0.004871343 0.904380083 92.716804504
0.923998535 0.020614170 0.381839901 56.836200714 -0.022541890 0.999745727 0.000575484 -3.061273098 -0.381730944 -0.009139138 0.924228311 93.106811523
0.939342976 0.026476588 0.341955751 56.968284607 -0.029393053 0.999562323 0.003348839 -3.065495253 -0.341717422 -0.013196831 0.939710081 93.569137573
0.951210797 0.030783914 0.307002246 57.076931000 -0.033226550 0.999444127 0.002731738 -3.068002462 -0.306747496 -0.012799083 0.951704860 94.028831482
0.960456192 0.033216048 0.276442885 57.183273315 -0.035389721 0.999369442 0.002876450 -3.066401482 -0.276173025 -0.012545943 0.961026013 94.492698669
0.966573954 0.027745351 0.254882514 57.293003082 -0.029553339 0.999557912 0.003265822 -3.072129011 -0.254679203 -0.010689288 0.966966450 94.958381653
0.970650375 0.024722951 0.239220962 57.402755737 -0.026594767 0.999635696 0.004599406 -3.085387707 -0.239020079 -0.010826440 0.970954239 95.440574646
0.973445237 0.029602846 0.226997644 57.490291595 -0.031341925 0.999500453 0.004059891 -3.088115931 -0.226764068 -0.011066626 0.973886847 95.946266174
0.975426853 0.034882218 0.217544720 57.579746246 -0.036820147 0.999310076 0.004859724 -3.086191654 -0.217225134 -0.012750336 0.976038218 96.451438904
0.976719201 0.041179422 0.210532218 57.691894531 -0.042776737 0.999080002 0.003036636 -3.075450659 -0.210213497 -0.011971819 0.977582157 96.936744690
0.977034330 0.047059618 0.207820207 57.785675049 -0.048020769 0.998846292 -0.000420455 -3.080542326 -0.207600206 -0.009568885 0.978166938 97.454727173
0.977171779 0.048740789 0.206784219 57.896755219 -0.049175121 0.998785555 -0.003042154 -3.087472439 -0.206681386 -0.007195930 0.978381872 97.991867065
0.976583004 0.047821932 0.209758922 58.006755829 -0.047437139 0.998850703 -0.006868230 -3.096309423 -0.209846273 -0.003242966 0.977729023 98.529129028
0.975854337 0.046717785 0.213367745 58.135612488 -0.044936109 0.998902738 -0.013195197 -3.104681253 -0.213750064 0.003288673 0.976882815 99.076652527
0.975183964 0.045541994 0.216662139 58.276187897 -0.042658798 0.998928070 -0.017968094 -3.104244232 -0.217248231 0.008279649 0.976081252 99.628593445
0.973893285 0.050287414 0.221366778 58.395015717 -0.047526721 0.998711586 -0.017783532 -3.112631559 -0.221975863 0.006798423 0.975028455 100.213851929
0.972470939 0.053481828 0.226804256 58.527851105 -0.051668596 0.998567164 -0.013928303 -3.123296738 -0.227224201 0.001826212 0.973840714 100.804199219
0.971541107 0.049979314 0.231538296 58.675601959 -0.049136918 0.998747766 -0.009407481 -3.133487225 -0.231718525 -0.002237322 0.972780228 101.397666931
0.970764101 0.045980811 0.235590443 58.824741364 -0.046459213 0.998914003 -0.003522768 -3.149497747 -0.235496551 -0.007525569 0.971846044 102.018981934
0.969995141 0.043717507 0.239161223 58.984558105 -0.045351412 0.998970330 0.001330315 -3.160918713 -0.238856807 -0.012136701 0.970978916 102.636131287
0.969420552 0.039041586 0.242279887 59.143299103 -0.040709719 0.999169230 0.001880824 -3.166042805 -0.242005184 -0.011686457 0.970204473 103.273124695
0.969468117 0.035475813 0.242637694 59.305278778 -0.036219057 0.999342918 -0.001398306 -3.171408892 -0.242527843 -0.007432497 0.970115960 103.916664124
0.969591975 0.034902558 0.242225364 59.469608307 -0.033916350 0.999390721 -0.008241357 -3.180365801 -0.242365435 -0.000224646 0.970184922 104.562957764
0.969785154 0.037315965 0.241089866 59.629714966 -0.034766410 0.999285579 -0.014821675 -3.190190315 -0.241470724 0.005992011 0.970389605 105.196311951
0.970420897 0.040111076 0.238064125 59.792285919 -0.036679622 0.999149680 -0.018828128 -3.195590496 -0.238616928 0.009539104 0.971066952 105.872665405
0.970988274 0.038846720 0.235950589 59.954200745 -0.036415819 0.999229312 -0.014653257 -3.202316523 -0.236337960 0.005635806 0.971654594 106.570762634
0.971367896 0.034757342 0.235024318 60.118961334 -0.034088615 0.999394953 -0.006908746 -3.220430136 -0.235122234 -0.001300721 0.971964896 107.279571533
0.971984088 0.034988355 0.232427686 60.291538239 -0.035796996 0.999358773 -0.000739148 -3.237381935 -0.232304484 -0.007601772 0.972613394 107.999313354
0.972242892 0.038554113 0.230775282 60.452514648 -0.039226703 0.999228895 -0.001674764 -3.245183706 -0.230661899 -0.007424277 0.973005652 108.727432251
0.972545028 0.043925080 0.228531837 60.609779358 -0.043696471 0.999026418 -0.006062722 -3.255399704 -0.228575632 -0.004089765 0.973517597 109.454750061
0.973399639 0.045061450 0.224638596 60.774909973 -0.043652419 0.998983502 -0.011237593 -3.264016867 -0.224916667 0.001132651 0.974377334 110.188316345
0.974417806 0.043455634 0.220502809 60.946113586 -0.041322075 0.999043822 -0.014281522 -3.274549961 -0.220912576 0.004804536 0.975281775 110.943809509
0.975348353 0.041497707 0.216733351 61.113800049 -0.039714891 0.999131858 -0.012576849 -3.287433863 -0.217067122 0.003659268 0.976149857 111.716125488
0.976206481 0.037933551 0.213499263 61.286106110 -0.036554553 0.999277472 -0.010404521 -3.303795576 -0.213739663 0.002352592 0.976887763 112.496833801
0.976625025 0.036623504 0.211807549 61.454292297 -0.035840746 0.999329090 -0.007535020 -3.317102909 -0.211941436 -0.000232452 0.977282286 113.289901733
0.976980686 0.033808347 0.210631832 61.625061035 -0.033443660 0.999426544 -0.005294329 -3.328405857 -0.210690036 -0.001871842 0.977551043 114.091392517
0.977235794 0.028468585 0.210237026 61.795707703 -0.028234206 0.999592841 -0.004116845 -3.339617491 -0.210268602 -0.001912747 0.977641761 114.874694824
0.977328598 0.029446773 0.209669992 61.962623596 -0.029578939 0.999559283 -0.002506076 -3.350675106 -0.209651351 -0.003752556 0.977769017 115.675842285
0.977074742 0.034965921 0.210005596 62.129974365 -0.034770783 0.999384582 -0.004622514 -3.359322309 -0.210037962 -0.002785515 0.977689266 116.503044128
0.976805568 0.040183596 0.210323632 62.299942017 -0.039423987 0.999192119 -0.007804917 -3.372086048 -0.210467309 -0.000667909 0.977600634 117.314598083
0.976177633 0.048999839 0.211367428 62.461494446 -0.048113093 0.998798251 -0.009339295 -3.382324934 -0.211571023 -0.001052729 0.977362037 118.148208618
0.975257754 0.054650191 0.214209184 62.628803253 -0.053984355 0.998501539 -0.008961510 -3.392908573 -0.214377910 -0.002824162 0.976746678 118.970718384
0.974444151 0.057369076 0.217180282 62.805603027 -0.057232656 0.998336852 -0.006923446 -3.416644812 -0.217216253 -0.005683291 0.976106882 119.800521851
0.973838389 0.057953186 0.219727322 62.987079620 -0.057689328 0.998305440 -0.007622601 -3.435344696 -0.219796732 -0.005252739 0.975531518 120.640632629
0.973490357 0.056374583 0.221671686 63.171329498 -0.055371821 0.998407960 -0.010740659 -3.443997622 -0.221924290 -0.001818435 0.975062191 121.477760315
0.973530114 0.050184999 0.222981051 63.369014740 -0.049354978 0.998737991 -0.009297262 -3.461276054 -0.223166227 -0.001954058 0.974778354 122.316390991
0.973807454 0.043802112 0.223115131 63.567436218 -0.042449865 0.999039531 -0.010855610 -3.483793020 -0.223376349 0.001100068 0.974731624 123.140319824
0.973577023 0.042856682 0.224301249 63.759719849 -0.041534316 0.999080658 -0.010612628 -3.506170750 -0.224549830 0.001016013 0.974462032 123.976745605
0.973003745 0.045315832 0.226296753 63.948707581 -0.044710618 0.998969495 -0.007801861 -3.521512270 -0.226417065 -0.002526627 0.974027157 124.824142456
0.972563505 0.047467612 0.227743372 64.133644104 -0.048272934 0.998832107 -0.002035947 -3.536060333 -0.227574021 -0.009013752 0.973719001 125.665573120
0.972171366 0.051219467 0.228603140 64.320243835 -0.053080272 0.998588264 0.001994551 -3.553489923 -0.228178263 -0.014073362 0.973517597 126.503082275
0.971961319 0.050431468 0.229668900 64.509048462 -0.050782885 0.998700082 -0.004384170 -3.569291592 -0.229591444 -0.007402006 0.973258853 127.311195374
0.972265244 0.046515081 0.229208559 64.702804565 -0.043342248 0.998882234 -0.018860236 -3.587840796 -0.229829639 0.008402738 0.973194540 128.117187500
