1.000000000 -0.000000000 -0.000000000 -0.000000000 -0.000000000 1.000000000 0.000000000 0.000000000 -0.000000000 0.000000000 1.000000000 0.000000000
0.999991536 -0.002392927 -0.003352299 -0.003456410 0.002385542 0.999994695 -0.002205013 -0.005263561 0.003357558 0.002196997 0.999991953 0.664772809
0.999971330 -0.001072646 -0.007498531 -0.012845905 0.001045729 0.999993026 -0.003592586 -0.010554561 0.007502332 0.003584641 0.999965429 1.358633518
0.999935567 -0.001750791 -0.011211479 -0.023351392 0.001695431 0.999986291 -0.004945394 -0.013276470 0.011219985 0.004926065 0.999924898 2.069118738
0.999869883 -0.000095176 -0.016124083 -0.042423218 0.000002238 0.999983430 -0.005763874 -0.015087959 0.016124362 0.005763089 0.999853373 2.792216778
0.999788105 -0.000564304 -0.020574778 -0.058831580 0.000439417 0.999981523 -0.006073917 -0.022875575 0.020577824 0.006063590 0.999769866 3.535488367
0.999693751 0.000587496 -0.024738668 -0.086622946 -0.000762033 0.999974906 -0.007046393 -0.034249477 0.024733907 0.007063087 0.999669135 4.279356956
0.999563992 0.003113389 -0.029359663 -0.122192398 -0.003346646 0.999963164 -0.007899026 -0.037308726 0.029333990 0.007993840 0.999537706 5.044940948
0.999414802 0.003977680 -0.033974588 -0.150202408 -0.004189897 0.999972165 -0.006177432 -0.050401110 0.033949070 0.006316168 0.999403536 5.828247070
0.999252498 0.003213836 -0.038524024 -0.184802756 -0.003351774 0.999988198 -0.003516547 -0.056950193 0.038512267 0.003643042 0.999251425 6.624717236
0.999126017 0.003198449 -0.041676853 -0.227566034 -0.003235112 0.999994397 -0.000812306 -0.065279111 0.041674022 0.000946425 0.999130785 7.435861111
0.999016762 0.004342805 -0.044120532 -0.272599161 -0.004413362 0.999989033 -0.001501898 -0.077285528 0.044113535 0.001695142 0.999025047 8.242817879
0.998924613 0.003947083 -0.046196040 -0.317796081 -0.004027481 0.999990463 -0.001647396 -0.083896287 0.046189096 0.001831678 0.998930991 9.062952995
0.998858988 0.001329736 -0.047739852 -0.363148957 -0.001449582 0.999995768 -0.002475868 -0.088262267 0.047736362 0.002542246 0.998856783 9.890798569
0.998748124 0.000853426 -0.050014507 -0.401668876 -0.000922012 0.999998629 -0.001348282 -0.101098366 0.050013293 0.001392709 0.998747587 10.732711792
0.998668075 -0.000534301 -0.051593546 -0.446663052 0.000447459 0.999998391 -0.001694745 -0.108458348 0.051594380 0.001669402 0.998666704 11.580486298
0.998576581 0.001774221 -0.053306151 -0.499532849 -0.001986494 0.999990284 -0.003929439 -0.118852615 0.053298663 0.004029738 0.998570502 12.437408447
0.998521090 0.002395228 -0.054313146 -0.556198239 -0.002737717 0.999976814 -0.006232279 -0.134348646 0.054296963 0.006371757 0.998504519 13.297724724
0.998412609 0.006051940 -0.055997334 -0.614216506 -0.006494020 0.999949217 -0.007716058 -0.147696257 0.055947796 0.008067458 0.998401165 14.174904823
0.998340547 0.007473524 -0.057099022 -0.668990850 -0.007912261 0.999940872 -0.007461606 -0.158235401 0.057039887 0.007901006 0.998340666 15.066496849
0.998262763 0.006322715 -0.058577582 -0.720937908 -0.006673370 0.999960959 -0.005792481 -0.172858477 0.058538672 0.006173328 0.998266041 15.951690674
0.998195529 0.007228335 -0.059610587 -0.784570277 -0.007523467 0.999960542 -0.004728053 -0.181154773 0.059574064 0.005168000 0.998210490 16.850240707
0.998127460 0.006523641 -0.060820106 -0.841923714 -0.006802373 0.999967337 -0.004376947 -0.198584735 0.060789570 0.004782474 0.998139143 17.758415222
0.998016119 0.006674489 -0.062604345 -0.896879792 -0.007014833 0.999961793 -0.005218227 -0.211800262 0.062567130 0.005647034 0.998024762 18.656751633
0.997963309 0.005225254 -0.063576043 -0.960743546 -0.005597634 0.999968231 -0.005680535 -0.226440072 0.063544348 0.006024841 0.997960865 19.570543289
0.997917652 0.004684706 -0.064330041 -1.015964627 -0.004953085 0.999979675 -0.004013058 -0.236395776 0.064309947 0.004323334 0.997920692 20.489202499
0.997943103 0.006662540 -0.063758120 -1.086266518 -0.006722525 0.999977112 -0.000726346 -0.248369649 0.063751824 0.001153468 0.997965097 21.412208557
0.998000383 0.007543597 -0.062756680 -1.150209785 -0.007369967 0.999968231 0.002997766 -0.255845010 0.062777311 -0.002529257 0.998024344 22.343740463
0.998109758 0.006840427 -0.061073098 -1.213005781 -0.006485957 0.999960899 0.006000394 -0.264367938 0.061111763 -0.005592935 0.998115182 23.275493622
0.998191893 0.006164123 -0.059790246 -1.267322659 -0.005745627 0.999957800 0.007168805 -0.275205731 0.059831917 -0.006812309 0.998185217 24.226272583
0.998268664 0.006561749 -0.058450874 -1.321962237 -0.006324972 0.999971092 0.004234948 -0.280070364 0.058476970 -0.003857916 0.998281300 25.169376373
0.998331547 0.007116486 -0.057301562 -1.385515213 -0.007142318 0.999974489 -0.000246015 -0.288232356 0.057298347 0.000654870 0.998356879 26.108060837
0.998388708 0.006964821 -0.056314472 -1.434735179 -0.007171200 0.999968290 -0.003463510 -0.294703156 0.056288570 0.003861772 0.998407125 27.060691833
0.998433411 0.004339301 -0.055784017 -1.485348701 -0.004499868 0.999985993 -0.002753110 -0.300923020 0.055771299 0.002999818 0.998439133 28.020206451
0.998449802 0.002549934 -0.055600952 -1.548479080 -0.002417650 0.999994099 0.002446292 -0.312388271 0.055606857 -0.002308076 0.998450160 28.995244980
0.998416424 -0.000701477 -0.056250468 -1.604080558 0.001037302 0.999981880 0.005941187 -0.325951010 0.056245279 -0.005990127 0.998399019 29.957523346
0.998311341 -0.007910841 -0.057548057 -1.649276137 0.008227320 0.999952316 0.005264547 -0.331541687 0.057503670 -0.005729124 0.998328865 30.933130264
0.998212814 -0.010178287 -0.058884867 -1.704664469 0.010281885 0.999946117 0.001456625 -0.338706136 0.058866858 -0.002059469 0.998263717 31.905750275
0.998129785 -0.009857088 -0.060329445 -1.766330242 0.009722105 0.999949634 -0.002530552 -0.344897151 0.060351338 0.001939290 0.998175383 32.884853363
0.998005569 -0.008943153 -0.062489901 -1.829494715 0.008764938 0.999956727 -0.003125431 -0.355258048 0.062515132 0.002571478 0.998040676 33.867794037
0.997945428 -0.009559696 -0.063352317 -1.891882539 0.009464041 0.999953628 -0.001809786 -0.362977475 0.063366666 0.001206499 0.997989595 34.864311218
0.997901797 -0.005866957 -0.064479388 -1.964259624 0.005949969 0.999981701 0.001095473 -0.380262196 0.064471789 -0.001476825 0.997918427 35.857280731
0.997832119 -0.005526005 -0.065577127 -2.029245853 0.005704567 0.999980509 0.002536027 -0.394577950 0.065561831 -0.002904619 0.997844279 36.842613220
0.997764051 -0.004803360 -0.066662095 -2.101859570 0.005145689 0.999974489 0.004964530 -0.398395717 0.066636555 -0.005296452 0.997763276 37.854114532
0.997782230 -0.004137783 -0.066434965 -2.167075872 0.004688909 0.999955893 0.008141935 -0.411007345 0.066398352 -0.008435385 0.997757554 38.840274811
0.997766435 0.000999730 -0.066792190 -2.246856213 -0.000311222 0.999946773 0.010317820 -0.411480248 0.066798955 -0.010273986 0.997713566 39.835563660
0.997752845 0.001351828 -0.066988200 -2.318052292 -0.000700483 0.999952316 0.009745824 -0.417168200 0.066998169 -0.009676999 0.997706175 40.828910828
0.997742832 0.001223165 -0.067139216 -2.382109165 -0.000719460 0.999971449 0.007526059 -0.411630273 0.067146488 -0.007460767 0.997715235 41.815090179
0.997750223 0.003977723 -0.066922367 -2.457524061 -0.003598008 0.999976695 0.005793552 -0.427360177 0.066943854 -0.005539731 0.997741342 42.811603546
0.997679114 0.003207174 -0.068014815 -2.523161411 -0.002796311 0.999977231 0.006135135 -0.434741884 0.068032950 -0.005930705 0.997665405 43.808586121
0.997588336 0.001297569 -0.069396086 -2.594283819 -0.000807224 0.999974549 0.007093463 -0.438422650 0.069403522 -0.007020338 0.997564018 44.804267883
0.997544229 0.001751798 -0.070016637 -2.667125702 -0.001159635 0.999963284 0.008497218 -0.450110614 0.070028946 -0.008395157 0.997509658 45.788974762
0.997502387 0.004165492 -0.070508905 -2.736342907 -0.003826950 0.999980628 0.004935816 -0.461199403 0.070528075 -0.004653655 0.997498989 46.761432648
0.997458637 0.004596483 -0.071097456 -2.820986748 -0.004551156 0.999989390 0.000799523 -0.467997104 0.071100377 -0.000473914 0.997469068 47.729072571
0.997422576 0.005313218 -0.071554594 -2.892906904 -0.005373948 0.999985278 -0.000656226 -0.470729053 0.071550064 0.001039065 0.997436464 48.693405151
0.997442245 0.004120126 -0.071359426 -2.969324589 -0.003893258 0.999986947 0.003318036 -0.486863583 0.071372166 -0.003031729 0.997445166 49.672447205
0.997417688 0.002146338 -0.071787499 -3.036391497 -0.001723241 0.999980867 0.005955161 -0.491393983 0.071798898 -0.005816076 0.997402191 50.642471313
0.997401237 0.000331343 -0.072046272 -3.101003408 0.000158715 0.999976873 0.006796149 -0.502874017 0.072046869 -0.006789921 0.997378170 51.596714020
0.997392237 -0.002896140 -0.072113730 -3.173312664 0.003303014 0.999979258 0.005523499 -0.510210156 0.072096258 -0.005747287 0.997381151 52.552539825
0.997349560 -0.006042539 -0.072507098 -3.240263700 0.006385794 0.999969423 0.004503210 -0.521864414 0.072477669 -0.004954290 0.997357726 53.508182526
0.997265220 -0.007423182 -0.073530987 -3.311297655 0.007858162 0.999953330 0.005628070 -0.530613899 0.073485769 -0.006190499 0.997277021 54.463520050
0.997142792 -0.010551895 -0.074800074 -3.377806902 0.011305096 0.999889493 0.009653265 -0.534786701 0.074689947 -0.010471305 0.997151852 55.406784058
0.997096300 -0.011081384 -0.075340219 -3.446346760 0.012229381 0.999815762 0.014793257 -0.538945258 0.075162418 -0.015671665 0.997048140 56.357795715
0.997104704 -0.009329366 -0.075466186 -3.530309677 0.010638232 0.999799550 0.016960362 -0.536750674 0.075292841 -0.017714083 0.997004151 57.305160522
0.996991634 -0.008244657 -0.077069432 -3.604416609 0.009262945 0.999874413 0.012864472 -0.537983000 0.076953694 -0.013539661 0.996942759 58.239723206
0.996888697 -0.006106195 -0.078584924 -3.676331043 0.006512523 0.999966681 0.004915282 -0.543000996 0.078552321 -0.005411774 0.996895313 59.141620636
0.996831596 -0.004622248 -0.079407126 -3.759567976 0.004669471 0.999989033 0.000409020 -0.552549958 0.079404362 -0.000778513 0.996842146 60.079528809
0.996775568 0.000554985 -0.080237821 -3.841998816 -0.000451425 0.999999046 0.001308793 -0.563331783 0.080238476 -0.001268352 0.996774852 60.980098724
0.996671617 0.003123640 -0.081460983 -3.926879406 -0.002840543 0.999989569 0.003590898 -0.575066388 0.081471339 -0.003347552 0.996670067 61.879776001
0.996591032 0.005595271 -0.082310252 -4.003177643 -0.005188811 0.999973297 0.005151221 -0.589515448 0.082336873 -0.004706569 0.996593416 62.768791199
0.996478438 0.006349025 -0.083608575 -4.078410149 -0.005968115 0.999970734 0.004805027 -0.596845150 0.083636619 -0.004289121 0.996487081 63.634853363
0.996358931 0.008073676 -0.084873885 -4.163403988 -0.007609856 0.999954343 0.005786944 -0.605475008 0.084916718 -0.005119997 0.996374905 64.482864380
0.996232748 0.009009222 -0.086251549 -4.239347458 -0.008469803 0.999942303 0.006617928 -0.622912109 0.086306192 -0.005862463 0.996251345 65.333473206
0.996112823 0.008631577 -0.087661751 -4.312958241 -0.008037863 0.999942362 0.007123510 -0.629374385 0.087718181 -0.006391207 0.996124804 66.152381897
0.996024311 0.008543658 -0.088670135 -4.392965317 -0.007862015 0.999936759 0.008033819 -0.634888828 0.088733174 -0.007304755 0.996028662 66.969512939
0.995891511 0.011085448 -0.089873470 -4.474477291 -0.010164510 0.999891102 0.010698295 -0.638317585 0.089982279 -0.009740821 0.995895803 67.769302368
0.995732486 0.012965779 -0.091370933 -4.546410084 -0.011655315 0.999821544 0.014861315 -0.643809676 0.091547340 -0.013732937 0.995706022 68.553062439
0.995534599 0.016236825 -0.092989497 -4.627173901 -0.014767302 0.999755323 0.016469497 -0.645175874 0.093234159 -0.015022751 0.995530844 69.328727722
0.995373368 0.019036757 -0.094177738 -4.705572128 -0.017932525 0.999760330 0.012557507 -0.656395972 0.094394222 -0.010810565 0.995476246 70.069274902
0.995235145 0.018905424 -0.095654115 -4.777980328 -0.018498145 0.999815702 0.005142899 -0.660606742 0.095733717 -0.003348970 0.995401382 70.793144226
0.995094240 0.018010022 -0.097278446 -4.847718716 -0.018155839 0.999834955 -0.000613899 -0.667514324 0.097251348 0.002377059 0.995257080 71.508552551
0.995062292 0.018617177 -0.097490706 -4.923222065 -0.018876377 0.999820292 -0.001737002 -0.672186971 0.097440861 0.003568697 0.995234907 72.199607849
0.994926751 0.021379711 -0.098305345 -4.999454021 -0.021320734 0.999771357 0.001650516 -0.682378411 0.098318167 0.000453799 0.995154977 72.878646851
0.994772732 0.021753851 -0.099769957 -5.067471981 -0.021449529 0.999761462 0.004122021 -0.701163709 0.099835835 -0.001960455 0.995002031 73.531265259
0.994736075 0.018536884 -0.100780077 -5.129926682 -0.018565711 0.999827445 0.000651937 -0.709259570 0.100774765 0.001222548 0.994908571 74.156455994
0.994867861 0.010397694 -0.100648440 -5.183890820 -0.010886135 0.999931455 -0.004304903 -0.722795427 0.100596808 0.005378481 0.994912744 74.777900696
0.994985044 0.006378547 -0.099821284 -5.234588623 -0.007349110 0.999929130 -0.009358321 -0.728045821 0.099754527 0.010044987 0.994961441 75.373725891
0.995263398 0.008516802 -0.096841715 -5.292314529 -0.009466968 0.999911368 -0.009356282 -0.742290497 0.096753463 0.010228761 0.995255828 75.959411621
0.995623648 0.013824468 -0.092425264 -5.358757973 -0.014470690 0.999875307 -0.006325300 -0.756138384 0.092326306 0.007635075 0.995699525 76.528022766
0.996051967 0.012124047 -0.087939300 -5.405207634 -0.012474108 0.999916315 -0.003432228 -0.763437688 0.087890320 0.004515641 0.996119916 77.085441589
0.996570766 0.008566760 -0.082300588 -5.440817833 -0.008553611 0.999963284 0.000512348 -0.769811869 0.082301959 0.000193376 0.996607423 77.632217407
0.997248352 0.004066613 -0.074021325 -5.468690872 -0.003760215 0.999983788 0.004278188 -0.787025928 0.074037522 -0.003988079 0.997247517 78.158050537
0.997964203 0.007632847 -0.063317195 -5.499364853 -0.007380266 0.999963820 0.004222049 -0.797382772 0.063347131 -0.003746155 0.997984529 78.672233582
0.998756886 0.012841539 -0.048163909 -5.527753830 -0.012686625 0.999913275 0.003520706 -0.802211463 0.048204947 -0.002905291 0.998833239 79.175704956
0.999392033 0.017888902 -0.029924201 -5.542751312 -0.017772919 0.999833405 0.004137334 -0.809003651 0.029993227 -0.003602978 0.999543607 79.670547485
0.999836028 0.016337700 -0.007809753 -5.533514500 -0.016301103 0.999856055 0.004726707 -0.814868748 0.007885862 -0.004598623 0.999958396 80.147338867
0.999752462 0.012924291 0.018107804 -5.498464108 -0.013025394 0.999900103 0.005476460 -0.820253968 -0.018035218 -0.005710967 0.999821007 80.597991943
0.998801768 0.011757788 0.047504827 -5.451720238 -0.012105307 0.999901831 0.007034339 -0.828481674 -0.047417462 -0.007600971 0.998846173 81.052970886
0.996690392 0.011179278 0.080517665 -5.393066406 -0.011910959 0.999891937 0.008612622 -0.837062478 -0.080412693 -0.009543162 0.996715963 81.503723145
0.992931545 0.011362800 0.118142731 -5.318490505 -0.012481649 0.999884009 0.008734704 -0.837341547 -0.118029773 -0.010147580 0.992958188 81.944938660
0.987123787 0.011233729 0.159563258 -5.228743076 -0.012784266 0.999880493 0.008694150 -0.843851864 -0.159446508 -0.010622098 0.987149358 82.346656799
0.978770912 0.010948160 0.204664677 -5.112726688 -0.012967435 0.999879599 0.008527649 -0.849216521 -0.204546675 -0.011000590 0.978794932 82.763267517
0.967268884 0.013046520 0.253418058 -4.977050304 -0.015122850 0.999866128 0.006246946 -0.856131911 -0.253302634 -0.009874879 0.967336655 83.165878296
0.951653898 0.014470293 0.306831688 -4.826121807 -0.016204534 0.999863923 0.003105237 -0.860331893 -0.306744933 -0.007927175 0.951758742 83.549125671
0.931844950 0.015063384 0.362544388 -4.645588875 -0.016303500 0.999867082 0.000361201 -0.860613585 -0.362490714 -0.006247326 0.931966424 83.917060852
0.907728314 0.014669187 0.419301897 -4.455131054 -0.015846509 0.999874234 -0.000674975 -0.879619718 -0.419259042 -0.006031777 0.907846630 84.237785339
0.878773749 0.014967246 0.477003694 -4.232371807 -0.015313949 0.999877751 -0.003161237 -0.880842030 -0.476992697 -0.004526797 0.878895640 84.561607361
0.845165372 0.013946855 0.534322739 -3.992063761 -0.013012187 0.999900222 -0.005517285 -0.888295472 -0.534346342 -0.002289688 0.845262527 84.867233276
0.808124602 0.013549077 0.588855743 -3.730155706 -0.011520645 0.999907672 -0.007196524 -0.894032061 -0.588898897 -0.000968307 0.808206141 85.159545898
0.768178225 0.012356810 0.640116751 -3.455441475 -0.010661524 0.999921978 -0.006508026 -0.903221786 -0.640147209 -0.001825295 0.768250108 85.425521851
0.726016104 0.011175680 0.687586904 -3.162118673 -0.011996389 0.999921560 -0.003585346 -0.920654535 -0.687573016 -0.005645538 0.726093352 85.664749146
0.680776358 0.010532757 0.732415497 -2.860269070 -0.011328502 0.999928415 -0.003850040 -0.923369706 -0.732403636 -0.005676153 0.680846989 85.887664795
0.636304736 0.008628566 0.771389604 -2.527791739 -0.007688798 0.999958694 -0.004842939 -0.936751544 -0.771399438 -0.002849473 0.636344910 86.063919067
0.589326143 0.006076811 0.807872415 -2.196086884 -0.001886442 0.999979377 -0.006145721 -0.941770136 -0.807893157 0.002097830 0.589325428 86.247039795
0.542575300 0.007554434 0.839973271 -1.862742305 -0.004066989 0.999971509 -0.006366360 -0.959426701 -0.839997411 0.000038068 0.542590559 86.417327881
0.496184349 0.010856888 0.868149340 -1.521345973 -0.006931919 0.999939501 -0.008543141 -0.959300816 -0.868189633 -0.001778967 0.496229500 86.565284729
0.450148910 0.012488518 0.892866194 -1.186709523 -0.008051051 0.999918282 -0.009926827 -0.976108193 -0.892917275 -0.002719962 0.450212568 86.705635071
0.407041192 0.010483416 0.913349628 -0.825336218 -0.001241433 0.999939620 -0.010924041 -0.978479564 -0.913408995 0.003312672 0.407029569 86.834587097
0.367317200 0.003028024 0.930090904 -0.459809631 0.013722272 0.999868095 -0.008674478 -0.984348059 -0.929994464 0.015949246 0.367227286 86.924697876
0.331785113 -0.000388157 0.943354905 -0.092519403 0.017658072 0.999827206 -0.005799085 -0.987600267 -0.943189681 0.018581878 0.331734657 87.016075134
0.298574239 0.003574648 0.954379737 0.273187488 0.015108589 0.999849975 -0.008471624 -0.995561659 -0.954266846 0.016948739 0.298475444 87.112602234
0.267698258 0.010699482 0.963443458 0.644482255 0.004686615 0.999912083 -0.012406687 -1.012205601 -0.963491380 0.007836538 0.267624587 87.210792542
0.238738418 0.015269808 0.970963836 1.023186088 -0.000127090 0.999876797 -0.015693260 -1.029200435 -0.971083879 0.003623185 0.238710970 87.300605774
0.213260308 0.017219296 0.976843715 1.418802500 -0.000017690 0.999844790 -0.017620886 -1.047308922 -0.976995409 0.003740555 0.213227510 87.372230530
0.190142646 0.018965263 0.981573343 1.821611762 0.007320626 0.999758244 -0.020734716 -1.053947210 -0.981729150 0.011128285 0.189957842 87.420539856
0.170021296 0.024663309 0.985131741 2.234061956 0.014170078 0.999522209 -0.027469158 -1.059020400 -0.985338509 0.018629735 0.169590592 87.463821411
0.150339857 0.031982567 0.988116920 2.658290386 0.016760264 0.999250531 -0.034892969 -1.053394675 -0.988492250 0.021806907 0.149691150 87.516746521
0.132575229 0.032379657 0.990643919 3.097363234 0.014782100 0.999290586 -0.034640528 -1.069028378 -0.991062701 0.019236274 0.132002532 87.571952820
0.117355071 0.028038146 0.992694139 3.555826187 0.013319578 0.999467075 -0.029804062 -1.090326071 -0.993000746 0.016719928 0.116919063 87.618469238
0.102823310 0.024779858 0.994390905 4.025763512 0.012962336 0.999571383 -0.026249301 -1.113135457 -0.994615257 0.015588668 0.102458015 87.658432007
0.089819066 0.022181697 0.995710969 4.510799885 0.015490762 0.999599934 -0.023665687 -1.131106019 -0.995837629 0.017549956 0.089439504 87.689613342
0.078360505 0.021531336 0.996692538 5.003451347 0.019236106 0.999548018 -0.023105374 -1.143508196 -0.996739566 0.020983033 0.077910900 87.712631226
0.068088032 0.022202082 0.997432232 5.507177830 0.023217982 0.999446273 -0.023831848 -1.152992487 -0.997409105 0.024781024 0.067534849 87.738067627
0.060281843 0.022824805 0.997920394 6.034340382 0.025374478 0.999380469 -0.024391005 -1.167316675 -0.997858822 0.026792046 0.059665330 87.763435364
0.054675546 0.023027401 0.998238564 6.586753368 0.027091622 0.999331713 -0.024536483 -1.185679674 -0.998136580 0.028385447 0.054015160 87.791213989
0.049146816 0.024151467 0.998499513 7.146614075 0.028529231 0.999265790 -0.025574230 -1.199054003 -0.998383999 0.029743318 0.048421707 87.810234070
0.043479733 0.024812320 0.998746097 7.724519253 0.029220272 0.999232292 -0.026096482 -1.215397000 -0.998626947 0.030318301 0.042721327 87.829414368
0.038906518 0.024542902 0.998941362 8.327808380 0.031812672 0.999161184 -0.025787331 -1.234633565 -0.998736322 0.032782294 0.038093098 87.848831177
0.035818737 0.024862925 0.999048948 8.954740524 0.032931857 0.999118209 -0.026045348 -1.251653790 -0.998815536 0.033833459 0.034968369 87.870513916
0.032909736 0.024360826 0.999161303 9.594024658 0.033846270 0.999102354 -0.025474193 -1.270919085 -0.998885036 0.034656245 0.032055669 87.887092590
0.030454636 0.023627797 0.999256790 10.244213104 0.036229022 0.999037743 -0.024726773 -1.293266535 -0.998879373 0.036955152 0.029569313 87.903991699
0.029898850 0.023188304 0.999284029 10.920259476 0.040841173 0.998867750 -0.024400627 -1.312541842 -0.998718262 0.041541476 0.028917957 87.915893555
0.031002538 0.022820782 0.999258816 11.615423203 0.044450708 0.998718858 -0.024187554 -1.333652973 -0.998530447 0.045167632 0.029948415 87.932350159
0.033159249 0.022942364 0.999186754 12.315504074 0.045454271 0.998667479 -0.024438897 -1.351776958 -0.998415947 0.046227679 0.032072231 87.956558228
0.037025787 0.023088701 0.999047577 13.038095474 0.047951661 0.998540401 -0.024854120 -1.370816350 -0.998163223 0.048826229 0.035864595 87.984077454
0.041429773 0.022346657 0.998891532 13.772430420 0.048310705 0.998535693 -0.024342421 -1.395362854 -0.997972846 0.049265645 0.040289517 88.015007019
0.045640219 0.020763846 0.998742163 14.528832436 0.050089963 0.998478830 -0.023047367 -1.414846897 -0.997701287 0.051078841 0.044530727 88.043197632
0.049487077 0.019156322 0.998591065 15.292917252 0.049905837 0.998519838 -0.021628134 -1.437065482 -0.997527182 0.050905831 0.048457813 88.086166382
0.053475585 0.016934760 0.998425603 16.066404343 0.046799846 0.998715043 -0.019446267 -1.461090565 -0.997471869 0.047766052 0.052614324 88.141937256
0.057458658 0.016024536 0.998219252 16.869470596 0.045855694 0.998773575 -0.018672941 -1.478576660 -0.997294247 0.046846960 0.056653377 88.189933777
0.061625697 0.016986914 0.997954726 17.669734955 0.043157738 0.998874724 -0.019667650 -1.499785185 -0.997165859 0.044281505 0.060823236 88.248771667
0.064693794 0.020811429 0.997688055 18.462186813 0.040736269 0.998894036 -0.023478074 -1.531025529 -0.997073412 0.042160973 0.063774474 88.301963806
0.066004120 0.026210137 0.997475028 19.274879456 0.035044208 0.998977423 -0.028568530 -1.558584690 -0.997203767 0.036841370 0.065018110 88.368919373
0.065705836 0.029542666 0.997401595 20.084413528 0.032221835 0.998977542 -0.031712025 -1.583094358 -0.997318685 0.034221776 0.064686731 88.428497314
0.065734506 0.029101394 0.997412682 20.892818451 0.030010071 0.999064803 -0.031127416 -1.615972519 -0.997385800 0.031978570 0.064799696 88.489654541
0.065986015 0.027239548 0.997448623 21.722312927 0.027170533 0.999207497 -0.029085044 -1.651912689 -0.997450531 0.029020417 0.065193638 88.549751282
0.065796018 0.026243033 0.997487962 22.545503616 0.027969470 0.999212682 -0.028133327 -1.681752086 -0.997441053 0.029750267 0.065010235 88.608673096
0.065810494 0.025274402 0.997511983 23.354162216 0.025531776 0.999309123 -0.027004389 -1.719250679 -0.997505367 0.027245430 0.065119743 88.675765991
0.066158600 0.025415592 0.997485399 24.166625977 0.023953663 0.999346972 -0.027051760 -1.756917119 -0.997521520 0.025683135 0.065506592 88.728218079
0.066309549 0.025824893 0.997464895 24.982713699 0.020848297 0.999410808 -0.027261235 -1.794473648 -0.997581244 0.022603121 0.065732069 88.788017273
0.064833067 0.027264180 0.997523606 25.792156219 0.018043756 0.999431252 -0.028489051 -1.825324893 -0.997732997 0.019846106 0.064304233 88.855613708
0.062058024 0.027174391 0.997702599 26.601234436 0.014966057 0.999491572 -0.028154023 -1.856420517 -0.997960329 0.016678855 0.061619774 88.906257629
0.057987060 0.025945388 0.997980237 27.409671783 0.012424506 0.999566078 -0.026708541 -1.888819814 -0.998239994 0.013948160 0.057639547 88.960243225
0.053326808 0.023453435 0.998301685 28.227495193 0.010723661 0.999653041 -0.024058018 -1.921463847 -0.998519540 0.011988384 0.053056795 89.009178162
0.047218241 0.021392198 0.998655498 29.036071777 0.008312571 0.999727607 -0.021808194 -1.949913383 -0.998849988 0.009331138 0.047027554 89.048942566
0.039558720 0.021671861 0.998982310 29.838407516 0.008014983 0.999725699 -0.022005379 -1.979531765 -0.999185026 0.008877329 0.039374173 89.083518982
0.030795492 0.022515409 0.999272108 30.643032074 0.007610402 0.999711931 -0.022759857 -2.009191036 -0.999496758 0.008305763 0.030615272 89.109092712
0.021066898 0.022963572 0.999514341 31.443805695 0.008229510 0.999698281 -0.023141256 -2.038972616 -0.999744177 0.008713027 0.020871563 89.121742249
0.011102024 0.022096461 0.999694169 32.243316650 0.009712855 0.999706268 -0.022204595 -2.064441442 -0.999891222 0.009956401 0.010884142 89.125900269
-0.000103225 0.021095097 0.999777436 33.037307739 0.008448051 0.999741793 -0.021093477 -2.096427441 -0.999964297 0.008443994 -0.000281415 89.130149841
-0.010965550 0.020293802 0.999733984 33.826641083 0.009867235 0.999747574 -0.020185851 -2.121659756 -0.999891162 0.009643259 -0.011163024 89.114990234
-0.022008793 0.020619087 0.999545217 34.606506348 0.009865548 0.999743164 -0.020405946 -2.148649454 -0.999709070 0.009411950 -0.022206558 89.095649719
-0.033151973 0.021375148 0.999221802 35.378562927 0.010390996 0.999724686 -0.021041157 -2.175273180 -0.999396324 0.009685354 -0.033364952 89.068168640
-0.043373592 0.022344844 0.998809040 36.151771545 0.010311440 0.999706626 -0.021917149 -2.206962347 -0.999005735 0.009348535 -0.043591276 89.029060364
-0.053964186 0.023567678 0.998264790 36.918262482 0.010929454 0.999675512 -0.023010164 -2.230446339 -0.998483062 0.009668764 -0.054204259 88.989349365
-0.063405052 0.024114048 0.997696459 37.676383972 0.012160245 0.999652565 -0.023388524 -2.262308836 -0.997913837 0.010649282 -0.063676246 88.936569214
-0.073103212 0.024585553 0.997021377 38.441696167 0.012345567 0.999641836 -0.023744978 -2.289338827 -0.997247994 0.010572960 -0.073380567 88.885673523
-0.082349800 0.024884278 0.996292770 39.180084229 0.013014708 0.999629855 -0.023891885 -2.319593430 -0.996518493 0.010998970 -0.082643174 88.822647095
-0.091247387 0.024514643 0.995526373 39.917091370 0.014385095 0.999625087 -0.023297071 -2.343159914 -0.995724380 0.012194945 -0.091565803 88.756324768
-0.098688148 0.023220206 0.994847476 40.640869141 0.015795797 0.999638379 -0.021765096 -2.373482704 -0.994993031 0.013566452 -0.099019229 88.682731628
-0.103294156 0.021641927 0.994415343 41.368576050 0.019426756 0.999616444 -0.019737180 -2.401415348 -0.994461060 0.017279528 -0.103674963 88.588966370
-0.106882647 0.020340610 0.994063556 42.074935913 0.022958415 0.999574661 -0.017984869 -2.422856092 -0.994006515 0.020899853 -0.107304163 88.503913879
-0.109638259 0.019182302 0.993786395 42.786010742 0.023984520 0.999573708 -0.016647950 -2.446093082 -0.993682146 0.022010239 -0.110051595 88.424430847
-0.111478336 0.018180946 0.993600547 43.469703674 0.023699163 0.999597013 -0.015631709 -2.471064329 -0.993484199 0.021804906 -0.111864284 88.351264954
-0.112201177 0.018664123 0.993510187 44.133083344 0.025082234 0.999558270 -0.015945101 -2.491180182 -0.993368924 0.023130395 -0.112619750 88.274543762
-0.111197785 0.019599013 0.993604958 44.784439087 0.025585506 0.999530673 -0.016852532 -2.512485981 -0.993468881 0.023547923 -0.111647040 88.202796936
-0.108074069 0.021341244 0.993913770 45.407279968 0.026949409 0.999465168 -0.018530071 -2.533668756 -0.993777573 0.024782771 -0.108591393 88.137176514
-0.103133947 0.021640042 0.994432032 46.029220581 0.026785454 0.999461174 -0.018971523 -2.561873674 -0.994306803 0.024679709 -0.103658006 88.073944092
-0.095087014 0.022484399 0.995214999 46.624977112 0.026196966 0.999455214 -0.020077225 -2.581309557 -0.995124280 0.024162533 -0.095624216 88.021949768
-0.084006228 0.022311844 0.996215403 47.203796387 0.024962474 0.999482632 -0.020280052 -2.606938124 -0.996152580 0.023164351 -0.084519722 87.983596802
-0.070407249 0.022503335 0.997264445 47.764656067 0.024102084 0.999492049 -0.020851981 -2.630477667 -0.997227132 0.022568023 -0.070913859 87.953903198
-0.053349189 0.023725931 0.998293936 48.308429718 0.022689788 0.999488413 -0.022541765 -2.658974171 -0.998318076 0.021448499 -0.053860236 87.939186096
-0.031983659 0.026282430 0.999142706 48.840427399 0.020908877 0.999453008 -0.025621276 -2.679941177 -0.999269605 0.020071493 -0.032515705 87.939933777
-0.007482870 0.029247846 0.999544144 49.360847473 0.018857988 0.999398589 -0.029102407 -2.704544067 -0.999794185 0.018631624 -0.008029928 87.955703735
0.020599555 0.030732825 0.999315321 49.879886627 0.016946767 0.999373198 -0.031083938 -2.731447935 -0.999644160 0.017575478 0.020065818 87.988998413
0.053954974 0.030147737 0.998088121 50.384075165 0.014591766 0.999413729 -0.030976579 -2.756307602 -0.998436749 0.016235212 0.053483430 88.030174255
0.092532456 0.027464936 0.995330811 50.891452789 0.013680056 0.999490023 -0.028851496 -2.780484915 -0.995615780 0.016285880 0.092109546 88.092666626
0.134234950 0.024120923 0.990655899 51.384407043 0.011256563 0.999602079 -0.025864022 -2.795462608 -0.990885556 0.014623239 0.133910030 88.188537598
0.179721385 0.019598825 0.983522296 51.869987488 0.008242346 0.999736369 -0.021428073 -2.821946144 -0.983682990 0.011957613 0.179512486 88.300697327
0.228364006 0.016509913 0.973435819 52.343738556 0.004116658 0.999830902 -0.017923336 -2.837750912 -0.973567128 0.008100349 0.228257447 88.442214966
0.279776514 0.014821131 0.959950805 52.831928253 0.000216561 0.999879837 -0.015500733 -2.857762337 -0.960065126 0.004544629 0.279739678 88.608375549
0.335001975 0.015121207 0.942096174 53.287265778 -0.000662278 0.999874771 -0.015813088 -2.866704464 -0.942217231 0.004673486 0.334970057 88.799362183
0.393083721 0.015609255 0.919370294 53.734909058 0.001887845 0.999840021 -0.017782651 -2.878953218 -0.919500768 0.008725699 0.392991394 89.017127991
0.450408161 0.019365080 0.892612636 54.132514954 0.002559459 0.999732673 -0.022980521 -2.890432835 -0.892819107 0.012635219 0.450238168 89.285118103
0.510129511 0.022325529 0.859807670 54.525394440 0.004226622 0.999585927 -0.028462652 -2.908321381 -0.860087156 0.018153721 0.509823978 89.556182861
0.569029987 0.026795430 0.821880102 54.900817871 0.000061638 0.999467611 -0.032627922 -2.918139458 -0.822316825 0.018616922 0.568725348 89.848381042
0.624825954 0.029152315 0.780219555 55.251617432 -0.004151760 0.999412656 -0.034017429 -2.941841841 -0.780752957 0.018015688 0.624580026 90.177139282
0.676015198 0.030866729 0.736240864 55.537265778 -0.005971204 0.999318957 -0.036413457 -2.946147442 -0.736863554 0.020219803 0.675738990 90.520942688
0.726267993 0.027960526 0.686842740 55.852519989 -0.005853872 0.999387741 -0.034493960 -2.971782923 -0.687386811 0.021031169 0.725986958 90.876823425
0.770945251 0.025323562 0.636397779 56.100780487 -0.008566132 0.999531090 -0.029396189 -2.984672070 -0.636843860 0.017211385 0.770800650 91.255210876
0.810775638 0.021762043 0.584952414 56.327560425 -0.009922849 0.999676049 -0.023437446 -2.984725952 -0.585273087 0.013198111 0.810728848 91.680213928
0.848263800 0.019082660 0.529229999 56.550128937 -0.011945714 0.999785841 -0.016902767 -2.996332407 -0.529439211 0.008015972 0.848310053 92.079132080
0.879557550 0.015851963 0.475528568 56.739048004 -0.012751481 0.999871254 -0.009745494 -3.003671169 -0.475621849 0.002508027 0.879646361 92.511993408
0.905008495 0.017269026 0.425042838 56.899108887 -0.017005417 0.999845743 -0.004414401 -3.012499094 -0.425053507 -0.003232961 0.905162513 92.953849792
0.925005436 0.018553639 0.379500657 57.020210266 -0.020078506 0.999798477 0.000060163 -3.034302711 -0.379423082 -0.007675458 0.925191462 93.364234924
0.940085411 0.024832698 0.340033531 57.134559631 -0.027417775 0.999620199 0.002799110 -3.043617487 -0.339834899 -0.011954367 0.940409184 93.813018799
0.951811194 0.030220205 0.305191994 57.241600037 -0.032325316 0.999475718 0.001845532 -3.047628164 -0.304976255 -0.011622028 0.952289104 94.258918762
0.961181045 0.030244637 0.274255842 57.358718872 -0.032105509 0.999481916 0.002298014 -3.045962095 -0.274044245 -0.011013932 0.961654007 94.723320007
0.967306733 0.025262555 0.252347887 57.471488953 -0.026660396 0.999642313 0.002121127 -3.047451019 -0.252204061 -0.008779476 0.967634201 95.194015503
0.971281171 0.022677148 0.236851767 57.576427460 -0.024088940 0.999705076 0.003068046 -3.059905767 -0.236712381 -0.008685444 0.971540868 95.682258606
0.974179149 0.027233016 0.224127948 57.673599243 -0.028560169 0.999588490 0.002681116 -3.059363127 -0.223962739 -0.009013020 0.974556029 96.177902222
0.976104140 0.032435846 0.214869007 57.761051178 -0.033946481 0.999418080 0.003343091 -3.060858011 -0.214635566 -0.010557253 0.976637125 96.685211182
0.977195919 0.040860042 0.208371401 57.858802795 -0.042200699 0.999107182 0.001990621 -3.063830853 -0.208104059 -0.010738647 0.978047669 97.191810608
0.977504849 0.046621509 0.205695495 57.950183868 -0.047306683 0.998879194 -0.001588459 -3.068066597 -0.205539003 -0.008178047 0.978614748 97.697792053
0.977555335 0.047304269 0.205299348 58.049282074 -0.047478542 0.998863995 -0.004080000 -3.073607922 -0.205259159 -0.005758890 0.978690684 98.224662781
0.977255046 0.045763079 0.207070440 58.185596466 -0.045284584 0.998949170 -0.007052626 -3.090439081 -0.207175612 -0.002484884 0.978300571 98.747489929
0.976517320 0.044670060 0.210756436 58.309364319 -0.042765457 0.998992741 -0.013588411 -3.096617222 -0.211151138 0.004256223 0.977444172 99.293067932
0.975588381 0.044830926 0.214982420 58.431083679 -0.041851640 0.998954654 -0.018392531 -3.100672245 -0.215582192 0.008946172 0.976444781 99.854255676
0.974308848 0.049739104 0.219654635 58.548709869 -0.046923522 0.998735964 -0.018020194 -3.113335609 -0.220273286 0.007250264 0.975411296 100.436950684
0.972876191 0.052782837 0.225224078 58.680824280 -0.050904509 0.998603404 -0.014142924 -3.122362137 -0.225656033 0.002294393 0.974204421 101.027145386
0.971966863 0.049591783 0.229828134 58.827316284 -0.048755743 0.998767257 -0.009318653 -3.139129162 -0.230006963 -0.002148018 0.973186672 101.624992371
0.971295595 0.045397434 0.233503371 58.981109619 -0.045758869 0.998945057 -0.003872092 -3.148308754 -0.233432800 -0.006923904 0.972348332 102.238555908
0.970505595 0.042690571 0.237268433 59.135894775 -0.044155665 0.999024391 0.000861484 -3.157359123 -0.237000123 -0.011312819 0.971443772 102.866111755
0.969982147 0.037497852 0.240267187 59.296417236 -0.039024584 0.999237001 0.001597844 -3.166413784 -0.240023926 -0.010926208 0.970705509 103.493438721
0.969967723 0.034475233 0.240777597 59.452777863 -0.035057779 0.999383628 -0.001865069 -3.170790434 -0.240693450 -0.006632070 0.970578551 104.139007568
0.970145702 0.034183912 0.240101576 59.624958038 -0.033036038 0.999415278 -0.008805277 -3.178680897 -0.240262181 0.000610397 0.970707834 104.788803101
0.970251441 0.036410209 0.239345863 59.781124115 -0.033674181 0.999312460 -0.015512059 -3.187419653 -0.239746094 0.006990822 0.970810473 105.449234009
0.970809221 0.039299887 0.236611500 59.937934875 -0.035720069 0.999173522 -0.019399054 -3.194803953 -0.237178311 0.010381002 0.971410692 106.129615784
0.971463799 0.037473064 0.234208941 60.101036072 -0.034963485 0.999278069 -0.014859609 -3.206821680 -0.234596699 0.006246813 0.972072721 106.816184998
0.971924007 0.033505112 0.232897297 60.272048950 -0.032779988 0.999438226 -0.006984314 -3.223145247 -0.233000472 -0.000846150 0.972476304 107.504951477
0.972490609 0.034082577 0.230435297 60.438724518 -0.034741372 0.999395669 -0.001199099 -3.234222412 -0.230336919 -0.006839527 0.973086953 108.228179932
0.972753286 0.037444506 0.228799134 60.594501495 -0.038084053 0.999273241 -0.001621079 -3.250637531 -0.228693560 -0.007136689 0.973472297 108.951972961
0.973077834 0.043023866 0.226425633 60.754833221 -0.042644482 0.999068737 -0.006569026 -3.253669977 -0.226497397 -0.003263633 0.974006355 109.670875549
0.973967373 0.043787602 0.222419143 60.917655945 -0.042216167 0.999038637 -0.011817025 -3.262670279 -0.222722739 0.002119712 0.974879563 110.408264160
0.974876165 0.042596895 0.218636304 61.086044312 -0.040346857 0.999076962 -0.014747681 -3.275164843 -0.219062701 0.005555875 0.975694954 111.169036865
0.975816250 0.040683247 0.214773193 61.252315521 -0.038766179 0.999162018 -0.013132423 -3.289414644 -0.215127483 0.004488897 0.976575673 111.940452576
0.976697326 0.036870204 0.211430475 61.417385101 -0.035297900 0.999314010 -0.011207194 -3.302846432 -0.211698622 0.003482986 0.977328777 112.713432312
0.977112889 0.035305832 0.209771022 61.586227417 -0.034330070 0.999376118 -0.008292151 -3.318983078 -0.209932908 0.000900914 0.977715373 113.502754211
0.977485836 0.032059420 0.208551571 61.755908966 -0.031465147 0.999485850 -0.006167316 -3.327091217 -0.208642036 -0.000533641 0.977991939 114.303916931
0.977686584 0.027089657 0.208315045 61.927024841 -0.026685420 0.999632597 -0.004751115 -3.339896441 -0.208367214 -0.000913872 0.978050232 115.102142334
0.977835417 0.027472904 0.207564756 62.097885132 -0.027398935 0.999619305 -0.003231771 -3.349593401 -0.207574531 -0.002526913 0.978215992 115.911178589
0.977565646 0.032647181 0.208085477 62.259479523 -0.032268699 0.999465585 -0.005214056 -3.358663559 -0.208144516 -0.001617566 0.978096783 116.728103638
0.977257848 0.038823526 0.208470225 62.419353485 -0.037855960 0.999245882 -0.008630562 -3.369385719 -0.208648086 0.000542443 0.977990746 117.539741516
0.976710141 0.047248233 0.209296227 62.584178925 -0.046170276 0.998883069 -0.010035990 -3.383551836 -0.209536672 0.000138989 0.977800846 118.360969543
0.975762129 0.052997380 0.212319419 62.746788025 -0.052153189 0.998593152 -0.009578601 -3.398825645 -0.212528393 -0.001726699 0.977153361 119.184295654
0.974934518 0.055639405 0.215422511 62.915626526 -0.055244811 0.998441875 -0.007857307 -3.412402630 -0.215524048 -0.004240615 0.976489365 120.017692566
0.974373519 0.056382272 0.217754900 63.098941803 -0.055871140 0.998401821 -0.008508630 -3.433065176 -0.217886597 -0.003875630 0.975966334 120.836128235
0.973999798 0.054805912 0.219819441 63.277381897 -0.053611897 0.998496830 -0.011398236 -3.444442749 -0.220113695 -0.000683055 0.975474000 121.685539246
0.974064052 0.048501629 0.221013144 63.479270935 -0.047471944 0.998822808 -0.009971426 -3.465194225 -0.221236601 -0.000779116 0.975219846 122.516220093
0.974278688 0.041861918 0.221424058 63.671241760 -0.040319938 0.999120891 -0.011481369 -3.484058142 -0.221710056 0.002258247 0.975109994 123.351211548
0.974036992 0.041505333 0.222551569 63.860252380 -0.039968599 0.999135852 -0.011406652 -3.508551121 -0.222832695 0.002215426 0.974854171 124.175331116
0.973586321 0.043428175 0.224150866 64.054290771 -0.042549428 0.999056041 -0.008751418 -3.519810438 -0.224319369 -0.001017230 0.974515140 125.007598877
0.973126113 0.045701984 0.225691915 64.234222412 -0.046258178 0.998925447 -0.002826164 -3.538778782 -0.225578591 -0.007689883 0.974194646 125.840171814
0.972745240 0.049099606 0.226618186 64.414016724 -0.050691906 0.998713553 0.001208478 -3.554364204 -0.226267323 -0.012663248 0.973982930 126.665527344
0.972507715 0.048603207 0.227741912 64.598014832 -0.048736431 0.998798966 -0.005042002 -3.574172497 -0.227713406 -0.006195940 0.973708510 127.484092712
0.972844005 0.044183210 0.227205664 64.798225403 -0.040790811 0.998975277 -0.019607075 -3.590737820 -0.227839127 0.009806721 0.973649442 128.299804688
