1.000000000 -0.000000000 0.000000000 -0.000000007 -0.000000000 1.000000000 0.000000000 0.000000000 0.000000000 0.000000000 0.999999940 -0.000000004
0.999991536 -0.002391954 -0.003352112 -0.003399335 0.002384649 0.999994755 -0.002181456 -0.005477579 0.003357312 0.002173444 0.999991953 0.664768159
0.999971271 -0.001073208 -0.007500911 -0.012753812 0.001046259 0.999992967 -0.003595788 -0.010442438 0.007504717 0.003587837 0.999965370 1.358698010
0.999937356 -0.001814036 -0.011042175 -0.027856730 0.001760896 0.999986827 -0.004820239 -0.015248065 0.011050771 0.004800494 0.999927342 2.062877417
0.999875784 -0.000175735 -0.015759476 -0.048024204 0.000086141 0.999983847 -0.005685623 -0.016855223 0.015760217 0.005683559 0.999859631 2.781306505
0.999794662 -0.000713961 -0.020251598 -0.064022705 0.000593087 0.999981999 -0.005974006 -0.024977857 0.020255499 0.005960769 0.999777079 3.525376081
0.999699712 0.000477291 -0.024498636 -0.090496123 -0.000647845 0.999975562 -0.006954322 -0.036019597 0.024494717 0.006968105 0.999675632 4.268122196
0.999571919 0.003121605 -0.029090423 -0.126282915 -0.003351556 0.999963582 -0.007859275 -0.037757192 0.029064827 0.007953409 0.999545813 5.033211708
0.999426723 0.003669820 -0.033660781 -0.154948786 -0.003871496 0.999974847 -0.005928208 -0.054243125 0.033638187 0.006055128 0.999415696 5.816238403
0.999269009 0.002913705 -0.038118213 -0.190452188 -0.003037146 0.999990344 -0.003180851 -0.061767772 0.038108584 0.003294296 0.999268174 6.612906456
0.999144316 0.002915990 -0.041257512 -0.233433828 -0.002942402 0.999995530 -0.000579480 -0.068393677 0.041255645 0.000700381 0.999148309 7.421325684
0.999033988 0.004181968 -0.043745376 -0.276081055 -0.004243291 0.999990165 -0.001309107 -0.080072075 0.043739468 0.001493467 0.999041796 8.226053238
0.998944342 0.003800926 -0.045777779 -0.321963578 -0.003873769 0.999991477 -0.001502636 -0.085933611 0.045771673 0.001678382 0.998950481 9.045827866
0.998879135 0.001249717 -0.047318302 -0.367290050 -0.001359664 0.999996424 -0.002291450 -0.090993203 0.047315270 0.002353218 0.998877168 9.871876717
0.998757780 0.000392953 -0.049827456 -0.401566058 -0.000448002 0.999999285 -0.001093631 -0.103414111 0.049826991 0.001114595 0.998757243 10.719626427
0.998679042 -0.001086867 -0.051372513 -0.447165787 0.001015525 0.999998450 -0.001414800 -0.110447943 0.051373973 0.001360761 0.998678565 11.567871094
0.998585403 0.001176480 -0.053158421 -0.498746485 -0.001373396 0.999992311 -0.003667945 -0.121154308 0.053153697 0.003735765 0.998579323 12.422330856
0.998531878 0.002021757 -0.054129593 -0.555844367 -0.002372907 0.999976456 -0.006423721 -0.131456956 0.054115336 0.006542734 0.998513162 13.280541420
0.998422205 0.005845185 -0.055847555 -0.613464713 -0.006296973 0.999948800 -0.007917119 -0.144474819 0.055798419 0.008256298 0.998407900 14.154983521
0.998350620 0.007056440 -0.056974739 -0.667211652 -0.007497632 0.999943495 -0.007533618 -0.157152489 0.056918360 0.007948369 0.998347163 15.048138618
0.998278141 0.005690116 -0.058380958 -0.720692873 -0.006033990 0.999965608 -0.005715574 -0.172039568 0.058346421 0.006058002 0.998277962 15.937733650
0.998216689 0.006465448 -0.059344936 -0.785587788 -0.006744428 0.999967158 -0.004501906 -0.181180909 0.059313871 0.004894125 0.998227358 16.831092834
0.998138011 0.005758334 -0.060725361 -0.840243340 -0.006029279 0.999972641 -0.004279517 -0.196630552 0.060699057 0.004637679 0.998145282 17.740688324
0.998036623 0.005807069 -0.062363956 -0.897554576 -0.006132626 0.999968469 -0.005030131 -0.212522313 0.062332783 0.005402709 0.998040736 18.648321152
0.997985423 0.004280023 -0.063299134 -0.959168017 -0.004630511 0.999974787 -0.005391359 -0.227702260 0.063274451 0.005673605 0.997979999 19.561500549
0.997937381 0.003882424 -0.064078033 -1.015717626 -0.004129967 0.999984562 -0.003731145 -0.237452298 0.064062558 0.003988089 0.997937858 20.482545853
0.997944474 0.005894446 -0.063812219 -1.080763698 -0.005957465 0.999981880 -0.000797354 -0.245139062 0.063806348 0.001175874 0.997961521 21.411714554
0.997997999 0.006888027 -0.062868364 -1.144481301 -0.006726470 0.999973476 0.002781038 -0.252037823 0.062885843 -0.002352588 0.998017907 22.345054626
0.998113871 0.006231550 -0.061073486 -1.209005237 -0.005885260 0.999965549 0.005848293 -0.261008263 0.061107825 -0.005477829 0.998116076 23.275600433
0.998192668 0.005043217 -0.059884019 -1.260130525 -0.004627767 0.999964237 0.007074239 -0.273708284 0.059917558 -0.006784325 0.998180211 24.226673126
0.998268247 0.005524499 -0.058566928 -1.315665603 -0.005287102 0.999977112 0.004207618 -0.279074281 0.058588825 -0.003890682 0.998274565 25.171432495
0.998329759 0.005887120 -0.057473861 -1.377435565 -0.005930282 0.999982238 -0.000580441 -0.283858418 0.057469420 0.000920308 0.998346865 26.107240677
0.998398721 0.005963898 -0.056254104 -1.431960940 -0.006171879 0.999974668 -0.003524172 -0.291916639 0.056231663 0.003865722 0.998410165 27.062698364
0.998433232 0.003179115 -0.055867068 -1.480753541 -0.003335203 0.999990821 -0.002700897 -0.299393088 0.055857964 0.002882994 0.998434544 28.023376465
0.998457611 0.001515880 -0.055499602 -1.544980168 -0.001385022 0.999996126 0.002396227 -0.310508370 0.055503011 -0.002315662 0.998455763 28.993194580
0.998398662 -0.001916735 -0.056536980 -1.593058705 0.002260689 0.999979317 0.006020391 -0.323725849 0.056524269 -0.006138563 0.998382330 29.960758209
0.998287916 -0.009168915 -0.057770394 -1.639947534 0.009488979 0.999941111 0.005268428 -0.328731298 0.057718679 -0.005807589 0.998315990 30.935632706
0.998177111 -0.011767941 -0.059194982 -1.694743633 0.011884257 0.999928057 0.001613365 -0.336405754 0.059171736 -0.002313912 0.998245060 31.907211304
0.998097122 -0.011362330 -0.060606550 -1.757000327 0.011228546 0.999933720 -0.002547518 -0.340664595 0.060631484 0.001862147 0.998158395 32.886245728
0.997985899 -0.010267096 -0.062600560 -1.823904395 0.010100647 0.999944568 -0.002974781 -0.352787465 0.062627628 0.002336483 0.998034179 33.867431641
0.997928679 -0.010761571 -0.063424699 -1.887282252 0.010682756 0.999941647 -0.001581662 -0.361054301 0.063438013 0.000900835 0.997985303 34.863090515
0.997871935 -0.007175529 -0.064808898 -1.955281258 0.007251562 0.999973297 0.000938021 -0.370666176 0.064800426 -0.001405990 0.997897208 35.864524841
0.997808754 -0.006814432 -0.065812677 -2.021229982 0.006981440 0.999972999 0.002307975 -0.384776115 0.065795168 -0.002762385 0.997829318 36.849700928
0.997726440 -0.005716997 -0.067149900 -2.090279341 0.006045890 0.999970675 0.004695697 -0.389828354 0.067121089 -0.005091002 0.997731745 37.856864929
0.997744262 -0.005152124 -0.066930808 -2.156725645 0.005689367 0.999953091 0.007838696 -0.401705861 0.066887289 -0.008201810 0.997726798 38.845390320
0.997739553 -0.000003114 -0.067200080 -2.238252401 0.000702967 0.999945700 0.010390811 -0.405372411 0.067196421 -0.010414559 0.997685432 39.841415405
0.997727454 0.000340611 -0.067379236 -2.310010433 0.000314157 0.999952793 0.009706812 -0.410333902 0.067379378 -0.009705919 0.997680247 40.832496643
0.997721076 0.000140307 -0.067474537 -2.376050711 0.000378218 0.999970496 0.007671905 -0.406229436 0.067473628 -0.007679940 0.997691572 41.822433472
0.997718930 0.002509153 -0.067458950 -2.450225592 -0.002134857 0.999981940 0.005620003 -0.417356819 0.067471825 -0.005463168 0.997706175 42.819828033
0.997664094 0.002119732 -0.068278633 -2.519872427 -0.001703728 0.999979556 0.006150374 -0.429564506 0.068290271 -0.006019678 0.997647345 43.812675476
0.997559249 -0.000145608 -0.069825634 -2.589034081 0.000646130 0.999974251 0.007145636 -0.431848615 0.069822796 -0.007173311 0.997533560 44.811046600
0.997510791 0.000353931 -0.070513472 -2.659024477 0.000224943 0.999966323 0.008201294 -0.438282490 0.070513994 -0.008196739 0.997477055 45.801021576
0.997469723 0.002784812 -0.071037866 -2.727999687 -0.002474356 0.999986947 0.004457915 -0.447959989 0.071049348 -0.004270862 0.997463644 46.774181366
0.997444630 0.003218893 -0.071371578 -2.815923691 -0.003195164 0.999994695 0.000446641 -0.456655264 0.071372643 -0.000217455 0.997449636 47.741012573
0.997386575 0.004035758 -0.072137430 -2.882293224 -0.004096928 0.999991357 -0.000700034 -0.463736117 0.072133966 0.000993746 0.997394383 48.704227448
0.997404397 0.002955653 -0.071942262 -2.958903074 -0.002747315 0.999991775 0.002994690 -0.477326959 0.071950518 -0.002789269 0.997404277 49.686096191
0.997397363 0.000969598 -0.072094560 -3.030600309 -0.000542080 0.999982178 0.005949285 -0.485499173 0.072099030 -0.005894718 0.997380018 50.654438019
0.997356474 -0.001150440 -0.072655149 -3.091562986 0.001642386 0.999976099 0.006711600 -0.494914800 0.072645672 -0.006813184 0.997334540 51.605857849
0.997323394 -0.004560014 -0.072974861 -3.161633492 0.004980742 0.999972045 0.005584448 -0.503993392 0.072947346 -0.005932968 0.997318149 52.564304352
0.997281849 -0.007334262 -0.073315307 -3.228802204 0.007679495 0.999960661 0.004428095 -0.513899624 0.073279947 -0.004979083 0.997298956 53.516452789
0.997191310 -0.008721286 -0.074386679 -3.300439835 0.009163129 0.999942303 0.005600607 -0.523068607 0.074333534 -0.006266491 0.997213721 54.472183228
0.997082949 -0.012019418 -0.075373538 -3.373183250 0.012779932 0.999872029 0.009615752 -0.526534617 0.075248323 -0.010550970 0.997108936 55.421306610
0.997029483 -0.012257559 -0.076038465 -3.440334320 0.013410391 0.999802411 0.014669135 -0.532448649 0.075843625 -0.015645264 0.996996939 56.363800049
0.997020304 -0.010628595 -0.076402828 -3.521235943 0.011950994 0.999786258 0.016871925 -0.531353831 0.076207176 -0.017734742 0.996934295 57.312557220
0.996915162 -0.009370075 -0.077924922 -3.596522808 0.010385397 0.999866128 0.012634452 -0.530360222 0.077796102 -0.013404757 0.996879101 58.242683411
0.996826112 -0.007377218 -0.079266928 -3.671361685 0.007781568 0.999958158 0.004793434 -0.536382020 0.079228245 -0.005395039 0.996841848 59.141769409
0.996771097 -0.006102882 -0.080064081 -3.753159285 0.006142191 0.999981105 0.000244695 -0.547554314 0.080061078 -0.000735674 0.996789634 60.076419830
0.996740222 -0.000884958 -0.080673568 -3.839268923 0.000969264 0.999999106 0.001005863 -0.556808412 0.080672599 -0.001080777 0.996740043 60.974742889
0.996626556 0.001829754 -0.082049787 -3.924047232 -0.001555969 0.999992967 0.003400644 -0.570104480 0.082055420 -0.003261505 0.996622384 61.873489380
0.996533990 0.004111493 -0.083084784 -3.996891499 -0.003706837 0.999980569 0.005024074 -0.585738122 0.083103813 -0.004698678 0.996529758 62.752273560
0.996414483 0.004874562 -0.084465839 -4.071779251 -0.004499561 0.999979258 0.004629483 -0.592783034 0.084486641 -0.004232825 0.996415615 63.618911743
0.996294081 0.006455694 -0.085771173 -4.153995991 -0.005978453 0.999965131 0.005819829 -0.604297876 0.085805766 -0.005285481 0.996297836 64.470169067
0.996169627 0.007486533 -0.087121561 -4.233760834 -0.006959296 0.999955535 0.006353907 -0.614410877 0.087165266 -0.005723263 0.996177435 65.311698914
0.996049583 0.007195049 -0.088506803 -4.308182240 -0.006605921 0.999953985 0.006947423 -0.626384795 0.088552713 -0.006335309 0.996051311 66.132995605
0.995955110 0.007060530 -0.089574397 -4.384229660 -0.006384260 0.999948919 0.007834083 -0.629427791 0.089625120 -0.007230529 0.995949328 66.941268921
0.995801210 0.009733791 -0.091023006 -4.462775230 -0.008799684 0.999904513 0.010657982 -0.637471557 0.091118060 -0.009812255 0.995791674 67.739547729
0.995686591 0.011394182 -0.092078120 -4.544166088 -0.010068252 0.999839008 0.014851746 -0.642636180 0.092232518 -0.013860617 0.995640934 68.527976990
0.995476723 0.014216445 -0.093937047 -4.625527382 -0.012706631 0.999780655 0.016651252 -0.646934032 0.094153151 -0.015382307 0.995438874 69.305564880
0.995321155 0.017280523 -0.095064789 -4.708948612 -0.016168822 0.999791861 0.012452045 -0.650617003 0.095260151 -0.010856698 0.995393157 70.053192139
0.995172799 0.017252972 -0.096610561 -4.779693127 -0.016828237 0.999844909 0.005209458 -0.657003343 0.096685432 -0.003558528 0.995308578 70.776435852
0.995056033 0.016348103 -0.097960539 -4.853872776 -0.016487189 0.999863863 -0.000610434 -0.665939569 0.097937226 0.002222510 0.995190084 71.484512329
0.995000899 0.016953737 -0.098416567 -4.926785469 -0.017213484 0.999850154 -0.001790681 -0.670470178 0.098371476 0.003475821 0.995143712 72.179275513
0.994893968 0.019812929 -0.098962553 -5.008679390 -0.019741884 0.999803722 0.001697208 -0.679330647 0.098976724 0.000265165 0.995089710 72.858406067
0.994749069 0.020316001 -0.100307927 -5.079884052 -0.020019377 0.999791682 0.003962947 -0.695719957 0.100367546 -0.001934036 0.994948506 73.511337280
0.994737983 0.016888013 -0.101050414 -5.145312786 -0.016909290 0.999856770 0.000646061 -0.704772055 0.101046830 0.001066029 0.994881094 74.137382507
0.994810879 0.008707318 -0.101369418 -5.194277287 -0.009184199 0.999948859 -0.004238638 -0.723557353 0.101327337 0.005147641 0.994839728 74.757011414
0.994938672 0.004808068 -0.100369394 -5.248403549 -0.005765471 0.999940574 -0.009250908 -0.728283644 0.100318946 0.009782762 0.994907141 75.355049133
0.995227337 0.006977662 -0.097334117 -5.308700562 -0.007949117 0.999922395 -0.009596414 -0.737704039 0.097259603 0.010324334 0.995205402 75.938911438
0.995562851 0.012172333 -0.093309768 -5.367630959 -0.012800921 0.999899149 -0.006140958 -0.758644164 0.093225621 0.007308159 0.995618165 76.505981445
0.996002018 0.010608386 -0.088698119 -5.417450428 -0.010945062 0.999934614 -0.003310259 -0.764125884 0.088657200 0.004267831 0.996053040 77.065490723
0.996532619 0.007088020 -0.082900889 -5.453919888 -0.007061590 0.999974847 0.000612014 -0.770454526 0.082903139 -0.000024480 0.996557653 77.611038208
0.997199416 0.002470449 -0.074749373 -5.478498459 -0.002132448 0.999987125 0.004601262 -0.790304899 0.074759796 -0.004428976 0.997191727 78.138557434
0.997915685 0.006133143 -0.064239025 -5.509907246 -0.005866194 0.999973416 0.004343351 -0.795461595 0.064263947 -0.003957460 0.997925043 78.654815674
0.998717785 0.011246299 -0.049360007 -5.531511784 -0.011065719 0.999930978 0.003930192 -0.804830968 0.049400803 -0.003378948 0.998773336 79.159362793
0.999384820 0.016433492 -0.030981522 -5.549909592 -0.016311958 0.999858320 0.004171512 -0.804945886 0.031045675 -0.003663577 0.999511182 79.651351929
0.999850333 0.014867874 -0.008853175 -5.536665916 -0.014824638 0.999877989 0.004929368 -0.813561082 0.008925383 -0.004797386 0.999948621 80.123901367
0.999778926 0.011444452 0.017642222 -5.509250164 -0.011550023 0.999915957 0.005893774 -0.819552898 -0.017573284 -0.006096238 0.999826968 80.590179443
0.998848438 0.010379172 0.046842687 -5.461752892 -0.010736801 0.999915004 0.007389468 -0.826695323 -0.046762004 -0.007883898 0.998874903 81.042457581
0.996719778 0.009944543 0.080317736 -5.412012100 -0.010734172 0.999898136 0.009405511 -0.839538336 -0.080216013 -0.010236803 0.996724904 81.496032715
0.993005991 0.009614073 0.117671773 -5.334223747 -0.010817982 0.999895453 0.009596663 -0.841919661 -0.117567189 -0.010802514 0.993006110 81.919601440
0.987178802 0.009969232 0.159306332 -5.240471840 -0.011588691 0.999890149 0.009239901 -0.842170894 -0.159196690 -0.010967585 0.987185895 82.348510742
0.978883266 0.009332801 0.204207093 -5.119735718 -0.011507392 0.999888957 0.009464059 -0.851801932 -0.204096094 -0.011614097 0.978881955 82.767929077
0.967383385 0.011640401 0.253049076 -4.987396240 -0.013882093 0.999878645 0.007074991 -0.857321441 -0.252935976 -0.010357078 0.967427611 83.162147522
0.951864243 0.012639839 0.306259185 -4.837526321 -0.014684897 0.999882579 0.004374311 -0.867870629 -0.306167960 -0.008661132 0.951938152 83.541763306
0.931919873 0.012866042 0.362435937 -4.676609993 -0.014645146 0.999890327 0.002161685 -0.871659517 -0.362368405 -0.007322444 0.932006180 83.881546021
0.907706439 0.013160503 0.419399351 -4.473043442 -0.014668001 0.999892235 0.000369945 -0.877722919 -0.419349313 -0.006487551 0.907801807 84.228752136
0.878591180 0.013576884 0.477381647 -4.254733086 -0.014390467 0.999894500 -0.001952554 -0.881071925 -0.477357805 -0.005154247 0.878693938 84.554878235
0.844896078 0.012095215 0.534793615 -4.014036655 -0.011867359 0.999922037 -0.003866137 -0.890964508 -0.534798682 -0.003080105 0.844973803 84.863708496
0.807748377 0.012679188 0.589390993 -3.752739191 -0.011343217 0.999917924 -0.005964934 -0.892798662 -0.589418232 -0.001867424 0.807825923 85.155448914
0.767898023 0.010550125 0.640485168 -3.470293045 -0.009786680 0.999940872 -0.004737542 -0.905085862 -0.640497327 -0.002630274 0.767955899 85.429542542
0.726572931 0.010095174 0.687015176 -3.183897495 -0.011798607 0.999927938 -0.002215230 -0.917647898 -0.686987996 -0.006496297 0.726639628 85.637046814
0.680979431 0.009297467 0.732243538 -2.879876614 -0.010930355 0.999937057 -0.002531308 -0.919406533 -0.732220888 -0.006279914 0.681038201 85.870574951
0.634572983 0.008129820 0.772820175 -2.556416273 -0.008160264 0.999959469 -0.003818749 -0.926127791 -0.772819757 -0.003883142 0.634613454 86.073539734
0.587714672 0.005271364 0.809051096 -2.220519781 -0.002578811 0.999985993 -0.004642084 -0.937391877 -0.809064090 0.000641830 0.587719858 86.256446838
0.540899813 0.007029806 0.841057658 -1.885072470 -0.004514526 0.999975026 -0.005454706 -0.949158192 -0.841074824 -0.000846528 0.540917873 86.428718567
0.493729204 0.010144141 0.869556546 -1.551606536 -0.007986490 0.999942720 -0.007130526 -0.955602467 -0.869579017 -0.003424155 0.493781805 86.580917358
0.448848337 0.012405940 0.893521786 -1.212160349 -0.009295075 0.999914408 -0.009213875 -0.964961708 -0.893559515 -0.004169721 0.448925138 86.706550598
0.404339641 0.010096506 0.914553165 -0.873380601 -0.002502571 0.999947548 -0.009932816 -0.972425878 -0.914605439 0.001727498 0.404343694 86.838867188
0.364919573 0.002338184 0.931036115 -0.504163980 0.012687739 0.999891520 -0.007484063 -0.977002203 -0.930952609 0.014543822 0.364850312 86.924194336
0.329551965 -0.001315838 0.944136500 -0.135021329 0.016752182 0.999849737 -0.004453884 -0.980318666 -0.943988740 0.017284131 0.329524517 87.013854980
0.296572953 0.002835468 0.955005944 0.234716699 0.014265676 0.999870837 -0.007398817 -0.987058759 -0.954903603 0.015818093 0.296494216 87.109489441
0.265554398 0.010274458 0.964041114 0.596139789 0.003229929 0.999928117 -0.011546647 -1.003031731 -0.964090407 0.006180047 0.265502095 87.206321716
0.236421719 0.015225942 0.971531332 0.984907269 -0.001782978 0.999882340 -0.015236376 -1.015995145 -0.971648872 0.001869992 0.236421034 87.304931641
0.210698172 0.016848562 0.977405906 1.375553489 -0.000339173 0.999852598 -0.017162383 -1.029915571 -0.977551043 0.003284573 0.210672855 87.368484497
0.187007546 0.018437462 0.982185364 1.787526131 0.006788007 0.999775708 -0.020060096 -1.038348675 -0.982335031 0.010418471 0.186840445 87.426368713
0.167141274 0.024176201 0.985636473 2.195955515 0.013688168 0.999545991 -0.026838576 -1.044354200 -0.985837936 0.017977390 0.166734472 87.461822510
0.147615626 0.031658862 0.988537967 2.628503323 0.015784975 0.999284863 -0.034360170 -1.037141562 -0.988918781 0.020676145 0.147010326 87.514175415
0.129972473 0.032244857 0.990993202 3.066679001 0.013715437 0.999316931 -0.034314532 -1.049618959 -0.991422713 0.018051848 0.129441410 87.566680908
0.114630729 0.027756568 0.993020356 3.521485567 0.011538844 0.999504924 -0.029269826 -1.075014591 -0.993341088 0.014813525 0.114253700 87.610557556
0.099570267 0.024517089 0.994728446 3.994506598 0.011817168 0.999596775 -0.025819954 -1.094980717 -0.994960248 0.014325768 0.099240385 87.660400391
0.086682208 0.022100903 0.995990872 4.470441341 0.013916475 0.999629498 -0.023392810 -1.112689376 -0.996138752 0.015888419 0.086342514 87.683685303
0.075122319 0.021240067 0.996948063 4.967887402 0.018225374 0.999576867 -0.022669397 -1.125442266 -0.997007728 0.019872729 0.074703425 87.707061768
0.064928584 0.021923574 0.997649074 5.479417324 0.021369871 0.999498785 -0.023355011 -1.140043616 -0.997660995 0.022836035 0.064427547 87.731430054
0.057036083 0.022488212 0.998118877 6.007115364 0.023505708 0.999438882 -0.023861157 -1.155517459 -0.998095274 0.024822436 0.056475490 87.755859375
0.051577032 0.022697704 0.998411059 6.550457001 0.025124498 0.999395728 -0.024017997 -1.172962427 -0.998352945 0.026323354 0.050975610 87.774635315
0.046090990 0.023793476 0.998653889 7.120211601 0.026541544 0.999334157 -0.025034659 -1.183337688 -0.998584449 0.027659688 0.045428786 87.796424866
0.040434338 0.024439089 0.998883367 7.694229603 0.027100446 0.999306202 -0.025546452 -1.199872255 -0.998814523 0.028103136 0.039743971 87.811882019
0.035787042 0.024438426 0.999060631 8.299902916 0.029631184 0.999235511 -0.025504110 -1.217832804 -0.998919964 0.030516069 0.035035547 87.831329346
0.032857668 0.024496565 0.999159813 8.919197083 0.030759649 0.999201179 -0.025509117 -1.234500289 -0.998986542 0.031571973 0.032077920 87.848358154
0.029985938 0.024049215 0.999260962 9.558068275 0.031804703 0.999181330 -0.025001697 -1.252720356 -0.999044120 0.032530900 0.029196518 87.861740112
0.027443854 0.023348616 0.999350667 10.209666252 0.033871546 0.999131382 -0.024273664 -1.272963166 -0.999049306 0.034515712 0.026629159 87.880493164
0.026811248 0.022958094 0.999376833 10.886007309 0.038695596 0.998963058 -0.023986710 -1.292049289 -0.998891294 0.039314590 0.025895067 87.890960693
0.027936092 0.022455648 0.999357462 11.577534676 0.042091817 0.998834431 -0.023620533 -1.314029932 -0.998723030 0.042724635 0.026958328 87.905151367
0.030353317 0.022648178 0.999282658 12.280844688 0.043237023 0.998777628 -0.023950070 -1.329731941 -0.998603642 0.043932971 0.029336974 87.924331665
0.033991251 0.022842854 0.999161065 13.005097389 0.045676965 0.998658597 -0.024385292 -1.348103404 -0.998377740 0.046467531 0.032902259 87.951637268
0.038460348 0.022132572 0.999015033 13.744163513 0.046237059 0.998644292 -0.023904407 -1.372030854 -0.998189867 0.047110885 0.037384864 87.980529785
0.042357761 0.020480776 0.998892605 14.500966072 0.047517009 0.998617172 -0.022490079 -1.392317891 -0.997971952 0.048417017 0.041325998 88.016311646
0.046344928 0.018881697 0.998746991 15.262783051 0.047393102 0.998653769 -0.021079123 -1.413764000 -0.997800589 0.048310634 0.045387682 88.048393250
0.050460786 0.016583120 0.998588383 16.041322708 0.044377323 0.998837292 -0.018829737 -1.436498165 -0.997739613 0.045264836 0.049666196 88.095588684
0.054448459 0.015711917 0.998393059 16.832187653 0.043280952 0.998899162 -0.018080262 -1.454414129 -0.997578084 0.044195835 0.053708497 88.148948669
0.058752581 0.016709996 0.998132765 17.634803772 0.040793579 0.998984456 -0.019125473 -1.476459622 -0.997438729 0.041841075 0.058011256 88.195007324
0.061651845 0.021023551 0.997876346 18.440664291 0.038510852 0.998983562 -0.023426197 -1.500810027 -0.997354507 0.039873332 0.060779542 88.254066467
0.062976509 0.026024578 0.997675657 19.238216400 0.032910757 0.999062061 -0.028138177 -1.529799223 -0.997472227 0.034606300 0.062060948 88.320060730
0.062749408 0.028898790 0.997610807 20.049110413 0.030038649 0.999073267 -0.030830566 -1.562636852 -0.997577131 0.031901486 0.061823171 88.372497559
0.062701114 0.028699337 0.997619629 20.866064072 0.027674764 0.999152124 -0.030482797 -1.589891315 -0.997648537 0.029520197 0.061853696 88.435440063
0.062664263 0.026917955 0.997671545 21.668931961 0.024893841 0.999283016 -0.028525025 -1.623863339 -0.997724116 0.026623381 0.061949242 88.492904663
0.062912144 0.025574358 0.997691393 22.505575180 0.025478166 0.999304771 -0.027222304 -1.659239531 -0.997693777 0.027131964 0.062216811 88.542228699
0.063000210 0.024525102 0.997712195 23.321823120 0.023276938 0.999390006 -0.026036160 -1.697610259 -0.997741997 0.024863970 0.062390909 88.604812622
0.063412867 0.024911791 0.997676551 24.133649826 0.021321192 0.999426425 -0.026310677 -1.728499055 -0.997759581 0.022940086 0.062845342 88.657943726
0.063265666 0.025540201 0.997669876 24.948205948 0.017847862 0.999483645 -0.026718432 -1.764263153 -0.997837007 0.019496631 0.062777169 88.719039917
0.062143467 0.026943006 0.997703493 25.757297516 0.015259016 0.999493003 -0.027941767 -1.794263959 -0.997950494 0.016960371 0.061700847 88.774063110
0.058854260 0.026514735 0.997914433 26.573970795 0.011803480 0.999558866 -0.027254563 -1.829310298 -0.998196721 0.013382914 0.058515333 88.836997986
0.055379450 0.025257491 0.998145878 27.379383087 0.009647488 0.999619842 -0.025830055 -1.859444618 -0.998418748 0.011060054 0.055114724 88.880851746
0.050774455 0.022840640 0.998448968 28.193948746 0.007921454 0.999697864 -0.023272039 -1.888241053 -0.998678744 0.009090793 0.050578173 88.925025940
0.044631787 0.020631775 0.998790443 29.000946045 0.005809823 0.999764502 -0.020911507 -1.920453668 -0.998986602 0.006736113 0.044501416 88.964347839
0.036988549 0.021079322 0.999093354 29.814516068 0.005247087 0.999759555 -0.021287637 -1.946818709 -0.999301851 0.006029727 0.036869049 88.996032715
0.028358970 0.021862445 0.999358714 30.614662170 0.005188504 0.999744058 -0.022018114 -1.974817038 -0.999584317 0.005809587 0.028238276 89.019378662
0.018359050 0.022282671 0.999583185 31.418315887 0.005881907 0.999731839 -0.022394020 -2.002346992 -0.999814034 0.006290589 0.018223064 89.035804749
0.007989325 0.021451037 0.999738038 32.217769623 0.006681245 0.999746323 -0.021504615 -2.029767275 -0.999945641 0.006851302 0.007843980 89.043739319
-0.002636216 0.020628775 0.999783754 33.006561279 0.006243785 0.999767959 -0.020611987 -2.057414532 -0.999976993 0.006188096 -0.002764406 89.034477234
-0.013810273 0.019940658 0.999705791 33.794212341 0.007757362 0.999773085 -0.019834839 -2.082482338 -0.999874473 0.007481155 -0.013961826 89.021751404
-0.024586016 0.020306718 0.999491513 34.579776764 0.008307513 0.999763310 -0.020107888 -2.109104872 -0.999663174 0.007808915 -0.024748893 88.997764587
-0.035687543 0.020947851 0.999143481 35.359043121 0.008482912 0.999750555 -0.020657592 -2.134496927 -0.999327004 0.007738426 -0.035856340 88.969261169
-0.045997892 0.021798469 0.998703659 36.125976562 0.008067865 0.999737322 -0.021449449 -2.165439606 -0.998908877 0.007070776 -0.046161678 88.927452087
-0.056491010 0.022947304 0.998139381 36.893547058 0.008531291 0.999710381 -0.022500582 -2.188956976 -0.998366654 0.007244335 -0.056670416 88.886054993
-0.065636307 0.023487346 0.997567177 37.650302887 0.009954507 0.999688566 -0.022882326 -2.222027779 -0.997793972 0.008428376 -0.065849669 88.825111389
-0.075841710 0.023905173 0.996833324 38.419788361 0.009925862 0.999681234 -0.023218276 -2.250483513 -0.997070432 0.008133517 -0.076054804 88.776794434
-0.085278958 0.024322867 0.996060252 39.159370422 0.010623340 0.999667406 -0.023501415 -2.279029131 -0.996300459 0.008577312 -0.085508972 88.715324402
-0.093791805 0.023749975 0.995308518 39.893310547 0.011897392 0.999670744 -0.022732928 -2.304975510 -0.995520711 0.009709413 -0.094043471 88.639846802
-0.101044446 0.022697648 0.994623005 40.612590790 0.013592365 0.999677837 -0.021432143 -2.331932783 -0.994789004 0.011353679 -0.101320408 88.560401917
-0.106067240 0.021130353 0.994134486 41.356758118 0.017171344 0.999664187 -0.019415820 -2.361919641 -0.994210660 0.015011246 -0.106394440 88.472473145
-0.109428383 0.019601531 0.993801415 42.061859131 0.020638525 0.999634862 -0.017444061 -2.385703564 -0.993780375 0.018601719 -0.109792978 88.383064270
-0.112459302 0.018532727 0.993483484 42.769302368 0.021668449 0.999633968 -0.016194660 -2.407420874 -0.993419945 0.019706002 -0.112819709 88.304634094
-0.114336818 0.017327759 0.993291020 43.453620911 0.021517152 0.999656498 -0.014961986 -2.434042215 -0.993208945 0.019662084 -0.114670381 88.230232239
-0.115095504 0.018109519 0.993189335 44.117595673 0.022809075 0.999618351 -0.015583521 -2.451854467 -0.993092477 0.020860134 -0.115464620 88.151809692
-0.114063717 0.019098794 0.993289888 44.768291473 0.023362840 0.999590218 -0.016537083 -2.472057343 -0.993198693 0.021319790 -0.114463180 88.076667786
-0.111033648 0.020870034 0.993597448 45.394416809 0.024722794 0.999528110 -0.018231850 -2.494299889 -0.993508995 0.022540156 -0.111497208 88.010658264
-0.106033273 0.021083262 0.994139016 46.013362885 0.024652103 0.999523580 -0.018568104 -2.521934032 -0.994056940 0.022538777 -0.106502511 87.946548462
-0.098028377 0.021810137 0.994944572 46.611042023 0.024148164 0.999517620 -0.019531146 -2.541552067 -0.994890630 0.022111475 -0.098507747 87.892440796
-0.086982474 0.021719238 0.995972991 47.190151215 0.022865226 0.999542475 -0.019800160 -2.566055536 -0.995947421 0.021050880 -0.087439276 87.853973389
-0.073066011 0.021852175 0.997087598 47.751350403 0.021976924 0.999552429 -0.020295735 -2.590758801 -0.997084916 0.020429991 -0.073513530 87.818672180
-0.056133773 0.022900771 0.998160601 48.288269043 0.021064259 0.999541700 -0.021747857 -2.618479967 -0.998201013 0.019804720 -0.056590416 87.807929993
-0.034910187 0.025508652 0.999064863 48.816074371 0.018974358 0.999510944 -0.024857020 -2.641938925 -0.999210298 0.018088849 -0.035377119 87.801033020
-0.010103079 0.028518522 0.999542236 49.340656281 0.017015701 0.999453366 -0.028343996 -2.665878534 -0.999804139 0.016721547 -0.010582815 87.814071655
0.017690618 0.030137798 0.999389112 49.852409363 0.015045731 0.999424398 -0.030405188 -2.687767982 -0.999730349 0.015574425 0.017226996 87.850639343
0.051374752 0.029515134 0.998243213 50.363239288 0.012242375 0.999469519 -0.030181443 -2.711247444 -0.998604357 0.013771431 0.050986163 87.889190674
0.090751514 0.026697434 0.995515645 50.830677032 0.011079011 0.999551654 -0.027815633 -2.739075422 -0.995811939 0.013553636 0.090415046 87.925720215
0.132007435 0.023455547 0.990971267 51.367443085 0.009612144 0.999642730 -0.024941226 -2.751534939 -0.991202056 0.012817786 0.131734833 88.037300110
0.177956805 0.019553585 0.983844101 51.857906342 0.006784550 0.999754488 -0.021096978 -2.767584801 -0.984014869 0.010429291 0.177780479 88.143890381
0.226369277 0.016007831 0.973910093 52.342174530 0.002418853 0.999852598 -0.016996466 -2.787511587 -0.974038482 0.006203222 0.226297200 88.286956787
0.278108656 0.014584499 0.960439026 52.811119080 -0.001502965 0.999890208 -0.014748374 -2.805280209 -0.960548341 0.002658145 0.278099984 88.455993652
0.333265841 0.013832409 0.942731559 53.255199432 -0.002896396 0.999902666 -0.013647362 -2.824715137 -0.942828357 0.001817677 0.333273470 88.641517639
0.387677103 0.015794998 0.921660006 53.661750793 -0.000709529 0.999858022 -0.016836673 -2.825610161 -0.921794951 0.005873248 0.387633264 88.885910034
0.448660344 0.018182907 0.893517435 54.082683563 0.000328072 0.999789596 -0.020510264 -2.849707603 -0.893702328 0.009495278 0.448559970 89.120605469
0.508577704 0.021285849 0.860753119 54.480690002 0.001382219 0.999672890 -0.025537932 -2.868338585 -0.861015081 0.014177769 0.508381844 89.388610840
0.568033099 0.026615374 0.822575390 54.840538025 -0.001813899 0.999514997 -0.031087860 -2.863509655 -0.823003769 0.016166864 0.567805827 89.665206909
0.622023821 0.030249173 0.782413840 55.169742584 -0.006556449 0.999419689 -0.033426493 -2.870848179 -0.782970905 0.015662216 0.621861041 90.004875183
0.675612807 0.030387029 0.736630142 55.499141693 -0.008008103 0.999393761 -0.033881627 -2.894682884 -0.737213135 0.016991848 0.675446510 90.347190857
0.724265337 0.028164783 0.688945949 55.785125732 -0.007978970 0.999440968 -0.032470100 -2.913124561 -0.689475298 0.018019885 0.724084973 90.705879211
0.768705547 0.026291780 0.639062166 56.032012939 -0.011226378 0.999555528 -0.027619084 -2.919830322 -0.639504254 0.014056588 0.768658936 91.089851379
0.811347604 0.023500882 0.584091485 56.297893524 -0.012507204 0.999660611 -0.022847824 -2.905498266 -0.584430277 0.011232170 0.811366200 91.482627869
0.846960485 0.018797176 0.531323493 56.496265411 -0.013268042 0.999810815 -0.014221304 -2.937381506 -0.531490266 0.004995259 0.847049654 91.905113220
0.878435910 0.015435781 0.477610886 56.686687469 -0.013853830 0.999880672 -0.006834505 -2.944853067 -0.477659374 -0.000613066 0.878544867 92.337104797
0.904203773 0.016630227 0.426777422 56.852420807 -0.017790465 0.999840915 -0.001268517 -2.954438686 -0.426730543 -0.006445570 0.904355824 92.777770996
0.924359679 0.018005135 0.381097138 56.978302002 -0.020732988 0.999780357 0.003053190 -2.971430540 -0.380958438 -0.010723527 0.924529970 93.196441650
0.939596236 0.023799768 0.341456562 57.099025726 -0.027565658 0.999600947 0.006180359 -2.981370449 -0.341173172 -0.015219516 0.939877212 93.662231445
0.951021671 0.028689552 0.307790011 57.188877106 -0.031855814 0.999478579 0.005266493 -2.981243134 -0.307478487 -0.014813448 0.951439679 94.095771790
0.960501909 0.030183623 0.276631653 57.309112549 -0.033013426 0.999439299 0.005576966 -2.982502222 -0.276308209 -0.014489251 0.960959733 94.557495117
0.966612399 0.025347289 0.254986256 57.420146942 -0.027613126 0.999604523 0.005309797 -2.981632233 -0.254750818 -0.012173486 0.966930091 95.027984619
0.970705092 0.022173420 0.239248574 57.529327393 -0.024438903 0.999680102 0.006506369 -2.992274523 -0.239027753 -0.012162738 0.970936537 95.514427185
0.973614812 0.027171912 0.226574734 57.626338959 -0.029280279 0.999553442 0.005949154 -2.990339756 -0.226311877 -0.012426356 0.973975599 96.013175964
0.975570619 0.032120872 0.217325330 57.714668274 -0.034394439 0.999385953 0.006686079 -2.989617825 -0.216977090 -0.013997525 0.976076305 96.520729065
0.976610541 0.040538333 0.211160183 57.811115265 -0.042607967 0.999077976 0.005258720 -2.990287781 -0.210752308 -0.014132831 0.977437317 97.024879456
0.977017403 0.045580395 0.208229467 57.906703949 -0.047039308 0.998890877 0.002057229 -2.994365215 -0.207904711 -0.011804918 0.978077769 97.533531189
0.977022231 0.046817601 0.207932279 58.006271362 -0.047770735 0.998858094 -0.000438006 -2.998640776 -0.207715333 -0.009505138 0.978143096 98.060882568
0.976773202 0.045331527 0.209425882 58.146392822 -0.045534898 0.998955309 -0.003852916 -3.008478165 -0.209381744 -0.005772762 0.977816939 98.589485168
0.975999236 0.044236168 0.213233605 58.269924164 -0.043008111 0.999020636 -0.010396849 -3.012925148 -0.213484660 0.000976544 0.976945937 99.134391785
0.975038767 0.044465639 0.217536524 58.392074585 -0.042147722 0.998994410 -0.015285970 -3.014617682 -0.217997476 0.005735744 0.975932419 99.694633484
0.973805368 0.049337432 0.221965894 58.513492584 -0.047234237 0.998774588 -0.014777103 -3.026970625 -0.222422928 0.003905632 0.974942446 100.277832031
0.972375929 0.052239247 0.227499813 58.648433685 -0.051055100 0.998634279 -0.011090808 -3.031204939 -0.227768466 -0.000830592 0.973714948 100.868118286
0.971456766 0.049026120 0.232095420 58.798751831 -0.048937306 0.998782873 -0.006143921 -3.045758724 -0.232114166 -0.005389572 0.972673595 101.457023621
0.970766664 0.044831157 0.235801294 58.952926636 -0.046019964 0.998940349 -0.000462250 -3.055416822 -0.235572159 -0.010402831 0.971801102 102.069801331
0.969952703 0.042221081 0.239602089 59.108448029 -0.044506382 0.999000490 0.004132763 -3.061209440 -0.239188120 -0.014672409 0.970862389 102.697830200
0.969440877 0.037079301 0.242506817 59.270961761 -0.039441001 0.999209940 0.004889418 -3.068958521 -0.242133915 -0.014304714 0.970137298 103.324897766
0.969432533 0.033913448 0.243003368 59.430438995 -0.035334989 0.999374568 0.001492442 -3.072197199 -0.242800742 -0.010033345 0.970024288 103.963203430
0.969612062 0.033543371 0.242337659 59.602752686 -0.033193123 0.999433696 -0.005529170 -3.075629473 -0.242385864 -0.002682794 0.970176160 104.616355896
0.969750047 0.035755280 0.241467223 59.761543274 -0.033807971 0.999353826 -0.012204129 -3.082443237 -0.241747558 0.003671438 0.970332205 105.275878906
0.970291555 0.038854085 0.238798156 59.920139313 -0.036043141 0.999220073 -0.016128343 -3.085546732 -0.239238545 0.007042158 0.970935225 105.954116821
0.970942974 0.036935005 0.236443356 60.084762573 -0.035187542 0.999313354 -0.011607609 -3.095489740 -0.236709714 0.002950464 0.971575856 106.644035339
0.971407175 0.032998081 0.235115170 60.256988525 -0.033027388 0.999447286 -0.003814266 -3.109491587 -0.235111013 -0.004060034 0.971960068 107.335906982
0.972008884 0.033385463 0.232560083 60.425109863 -0.034821954 0.999391377 0.002073030 -3.120555162 -0.232349291 -0.010113198 0.972579837 108.055908203
0.972264588 0.036800344 0.230970383 60.583271027 -0.038200516 0.999268711 0.001591415 -3.133328676 -0.230742872 -0.010370463 0.972959578 108.780860901
0.972582757 0.042528566 0.228635207 60.746940613 -0.042911470 0.999073446 -0.003298702 -3.133911371 -0.228563637 -0.006602812 0.973506510 109.505256653
0.973480046 0.043304194 0.224635646 60.911842346 -0.042455174 0.999061286 -0.008610725 -3.140350819 -0.224797651 -0.001154576 0.974404752 110.241241455
0.974397957 0.042136140 0.220846489 61.082557678 -0.040603541 0.999109447 -0.011476769 -3.150560141 -0.221133396 0.002215791 0.975241065 111.004455566
0.975350857 0.039969072 0.217009380 61.251152039 -0.038726129 0.999199986 -0.009978977 -3.160975933 -0.217234641 0.001329071 0.976118505 111.774871826
0.976227701 0.036369950 0.213674024 61.418491364 -0.035475895 0.999338329 -0.008018417 -3.172401667 -0.213824287 0.000247525 0.976872146 112.549026489
0.976650178 0.035066873 0.211954564 61.590209961 -0.034806550 0.999381781 -0.004960310 -3.187849045 -0.211997449 -0.002532920 0.977266908 113.342651367
0.977036059 0.031660713 0.210708633 61.762596130 -0.031807926 0.999490380 -0.002691339 -3.193780422 -0.210686445 -0.004072668 0.977545142 114.143486023
0.977245331 0.026737107 0.210420385 61.938213348 -0.027068865 0.999632716 -0.001303881 -3.205841541 -0.210377932 -0.004421629 0.977610111 114.941596985
0.977353871 0.027537510 0.209812209 62.111804962 -0.028157324 0.999603510 -0.000032994 -3.210177422 -0.209729925 -0.005875504 0.977741659 115.763053894
0.977080643 0.032682236 0.210345820 62.274471283 -0.032963954 0.999454260 -0.002167667 -3.215288639 -0.210301876 -0.004815843 0.977624655 116.578659058
0.976775885 0.038862500 0.210709736 62.439075470 -0.038589973 0.999240518 -0.005406626 -3.224495411 -0.210759804 -0.002850220 0.977533698 117.384712219
0.976239264 0.047179107 0.211497113 62.603572845 -0.046800982 0.998881161 -0.006796083 -3.235282183 -0.211581081 -0.003263670 0.977354944 118.211799622
0.975249946 0.053483669 0.214539424 62.770244598 -0.053398937 0.998554051 -0.006194788 -3.251052618 -0.214560509 -0.005414711 0.976695597 119.042053223
0.974487960 0.055506703 0.217467800 62.944908142 -0.055904303 0.998426855 -0.004328473 -3.266433954 -0.217365876 -0.007939339 0.976057887 119.870384216
0.973909378 0.055991895 0.219921514 63.129589081 -0.056248523 0.998403847 -0.005099790 -3.279812813 -0.219856009 -0.007403526 0.975504220 120.703598022
0.973579466 0.054421633 0.221768692 63.313915253 -0.053969108 0.998509705 -0.008104426 -3.288524628 -0.221879259 -0.004078356 0.975065589 121.537513733
0.973612547 0.048227295 0.223053351 63.512485504 -0.047925293 0.998827994 -0.006770114 -3.303961515 -0.223118439 -0.004098430 0.974782705 122.372985840
0.973858297 0.041419271 0.223348379 63.710437775 -0.040647868 0.999141216 -0.008052127 -3.326653719 -0.223490044 -0.001237007 0.974705398 123.205070496
0.973605692 0.040551353 0.224605381 63.900211334 -0.039760914 0.999176800 -0.008043097 -3.344108582 -0.224746644 -0.001099711 0.974416554 124.042953491
0.973024130 0.043117989 0.226638362 64.087203979 -0.043108005 0.999058008 -0.004995778 -3.359532833 -0.226640239 -0.004908915 0.973966122 124.879074097
0.972566545 0.045401912 0.228151336 64.267288208 -0.046797805 0.998904169 0.000709250 -3.373404503 -0.227869093 -0.011366773 0.973625422 125.724632263
0.972286224 0.048904411 0.228621542 64.465065002 -0.051313840 0.998671889 0.004602711 -3.383738041 -0.228092805 -0.016206600 0.973504484 126.553092957
0.972027838 0.048341263 0.229837045 64.651504517 -0.049240436 0.998785198 -0.001825067 -3.400023699 -0.229646042 -0.009543256 0.973227441 127.375137329
0.972303450 0.044302542 0.229485497 64.845558167 -0.041721504 0.998999715 -0.016089369 -3.416408062 -0.229968742 0.006069271 0.973179042 128.185287476
