0.999999940 0.000000000 -0.000000000 0.000000007 0.000000000 1.000000000 0.000000000 0.000000060 -0.000000000 0.000000000 1.000000000 0.000000000
0.999991477 -0.002387549 -0.003355045 -0.003406224 0.002380219 0.999994755 -0.002187078 -0.005358330 0.003360250 0.002179073 0.999991953 0.664802313
0.999971211 -0.001069564 -0.007500744 -0.012791717 0.001042657 0.999993026 -0.003590249 -0.010542278 0.007504532 0.003582326 0.999965429 1.358737588
0.999933362 -0.001607925 -0.011429216 -0.021378702 0.001550254 0.999985993 -0.005052963 -0.011312277 0.011437180 0.005034909 0.999921858 2.075393915
0.999870121 -0.000102063 -0.016115410 -0.043653231 0.000009815 0.999983609 -0.005724138 -0.014604244 0.016115729 0.005723236 0.999853790 2.798967838
0.999788940 -0.000629873 -0.020530447 -0.060409792 0.000507004 0.999981880 -0.005989358 -0.023184014 0.020533849 0.005977686 0.999771357 3.541269541
0.999690115 0.000674774 -0.024879584 -0.088629194 -0.000852315 0.999974251 -0.007126088 -0.031135233 0.024874136 0.007145086 0.999665022 4.288024426
0.999559760 0.003234104 -0.029491989 -0.124359101 -0.003471691 0.999961913 -0.008008334 -0.033837084 0.029464968 0.008107195 0.999532998 5.053918839
0.999415874 0.003971701 -0.033940833 -0.153912917 -0.004181079 0.999972641 -0.006100150 -0.048570544 0.033915676 0.006238496 0.999405265 5.844317913
0.999257922 0.003376543 -0.038367942 -0.191094533 -0.003511484 0.999987841 -0.003450186 -0.055709384 0.038355827 0.003582355 0.999257743 6.640223980
0.999130189 0.003113829 -0.041581295 -0.231969178 -0.003146499 0.999994755 -0.000720279 -0.063764036 0.041578833 0.000850488 0.999134898 7.452095509
0.999011159 0.004362570 -0.044243708 -0.274174392 -0.004436426 0.999988854 -0.001571272 -0.072383180 0.044236366 0.001766002 0.999019563 8.264249802
0.998920977 0.003895742 -0.046279043 -0.320519805 -0.003980039 0.999990523 -0.001729466 -0.078562111 0.046271872 0.001911792 0.998927116 9.083879471
0.998858809 0.001394831 -0.047741022 -0.366776556 -0.001514234 0.999995708 -0.002464962 -0.084193401 0.047737386 0.002534440 0.998856783 9.910321236
0.998727322 0.000429244 -0.050433237 -0.397998184 -0.000503966 0.999998808 -0.001468893 -0.093360171 0.050432540 0.001492440 0.998726368 10.765089035
0.998648405 -0.000967505 -0.051965456 -0.444288522 0.000874546 0.999998033 -0.001811563 -0.100622773 0.051967103 0.001763668 0.998647213 11.612734795
0.998560131 0.001238007 -0.053630229 -0.497960180 -0.001456759 0.999990821 -0.004039995 -0.111953467 0.053624742 0.004112304 0.998552740 12.467828751
0.998482764 0.001700896 -0.055038884 -0.547762573 -0.002063312 0.999976516 -0.006528576 -0.122337230 0.055026487 0.006632233 0.998462915 13.335415840
0.998372555 0.005360411 -0.056776010 -0.606227934 -0.005815931 0.999952197 -0.007860893 -0.137832955 0.056731161 0.008178305 0.998356044 14.211485863
0.998302042 0.006776114 -0.057853576 -0.661225498 -0.007233796 0.999944091 -0.007705273 -0.147216767 0.057798132 0.008110692 0.998295426 15.104269028
0.998234570 0.005722064 -0.059116859 -0.717468798 -0.006091105 0.999963164 -0.006064251 -0.163462818 0.059079979 0.006413633 0.998232603 15.987214088
0.998167574 0.006520785 -0.060157154 -0.782013297 -0.006837197 0.999963760 -0.005055395 -0.171367303 0.060122017 0.005457439 0.998176157 16.882774353
0.998103738 0.005994215 -0.061261859 -0.841126740 -0.006294328 0.999969125 -0.004707028 -0.188740686 0.061231762 0.005083704 0.998110652 17.790760040
0.998000205 0.006041602 -0.062919617 -0.898809135 -0.006392474 0.999965131 -0.005376676 -0.203806147 0.062884949 0.005768135 0.998004138 18.690305710
0.997948229 0.004623483 -0.063858107 -0.962336659 -0.005008410 0.999970257 -0.005869089 -0.218474269 0.063829079 0.006176875 0.997941792 19.602991104
0.997894347 0.004035787 -0.064734712 -1.016316652 -0.004312752 0.999982178 -0.004139289 -0.229025871 0.064716853 0.004409758 0.997893989 20.525493622
0.997909248 0.005996430 -0.064353108 -1.086053014 -0.006082848 0.999980867 -0.001147016 -0.235950112 0.064344995 0.001536068 0.997926533 21.451738358
0.997961402 0.007006986 -0.063434929 -1.149297833 -0.006859391 0.999973238 0.002544208 -0.243966743 0.063451059 -0.002103896 0.997982681 22.384014130
0.998073280 0.006264911 -0.061727386 -1.211853147 -0.005931930 0.999966860 0.005576166 -0.252445936 0.061760273 -0.005199260 0.998077512 23.316911697
0.998159707 0.005761799 -0.060364898 -1.268374443 -0.005380717 0.999964595 0.006473645 -0.261151075 0.060400054 -0.006136925 0.998155415 24.258869171
0.998242915 0.006270243 -0.058920372 -1.326269388 -0.006062849 0.999974847 0.003698027 -0.267499954 0.058942072 -0.003334304 0.998255849 25.202951431
0.998302400 0.006608717 -0.057866309 -1.388523221 -0.006677169 0.999977291 -0.000989646 -0.274674922 0.057858445 0.001374348 0.998323858 26.139787674
0.998383403 0.006318658 -0.056484781 -1.447674990 -0.006549223 0.999970973 -0.003897683 -0.284921765 0.056458518 0.004261314 0.998395860 27.077274323
0.998441398 0.003675755 -0.055687670 -1.501362085 -0.003860136 0.999987483 -0.003203764 -0.292063951 0.055675197 0.003413733 0.998443127 28.031379700
0.998434126 0.001981713 -0.055903714 -1.558263540 -0.001870530 0.999996185 0.002041076 -0.304750592 0.055907551 -0.001933310 0.998434067 29.008563995
0.998390853 -0.001372444 -0.056692459 -1.611420274 0.001691490 0.999982953 0.005580054 -0.319280803 0.056683838 -0.005666969 0.998376131 29.968898773
0.998272538 -0.008786254 -0.058092549 -1.656083941 0.009089518 0.999946356 0.004958157 -0.325907499 0.058045875 -0.005477626 0.998298883 30.946229935
0.998186350 -0.011151499 -0.059156634 -1.714993834 0.011237969 0.999936104 0.001129205 -0.332362741 0.059140269 -0.001791957 0.998248041 31.908800125
0.998102427 -0.010976662 -0.060588293 -1.776487350 0.010827937 0.999937475 -0.002782445 -0.339672297 0.060615048 0.002121120 0.998159051 32.887779236
0.998011470 -0.009753495 -0.062273160 -1.856039047 0.009545236 0.999947727 -0.003640899 -0.347385347 0.062305421 0.003039249 0.998052597 33.871517181
0.997942150 -0.009531175 -0.063408203 -1.903322458 0.009425155 0.999953568 -0.001970907 -0.365408123 0.063424051 0.001369219 0.997985721 34.847511292
0.997878194 -0.006567977 -0.064776450 -1.971845984 0.006638892 0.999977469 0.000879580 -0.378286362 0.064769231 -0.001307758 0.997899413 35.846305847
0.997793198 -0.006110187 -0.066116139 -2.039258480 0.006250842 0.999978602 0.001920738 -0.386573672 0.066102974 -0.002329781 0.997810125 36.836334229
0.997740090 -0.005028771 -0.067002334 -2.110387564 0.005332004 0.999976337 0.004347640 -0.392402828 0.066978864 -0.004695072 0.997743428 37.810997009
0.997756183 -0.004654708 -0.066789620 -2.176104546 0.005165895 0.999958634 0.007483012 -0.403414935 0.066752031 -0.007811251 0.997738957 38.811038971
0.997706532 0.000276565 -0.067687750 -2.248721838 0.000392863 0.999951124 0.009876414 -0.403562844 0.067687184 -0.009880356 0.997657657 39.800216675
0.997723103 0.001356120 -0.067430511 -2.323009491 -0.000747542 0.999958754 0.009049662 -0.413075060 0.067440018 -0.008978652 0.997682929 40.768970490
0.997704804 0.001263297 -0.067701496 -2.383765459 -0.000756202 0.999971509 0.007515271 -0.418309063 0.067709044 -0.007446826 0.997677326 41.786666870
0.997703195 0.003696008 -0.067635365 -2.464145184 -0.003347580 0.999980569 0.005264182 -0.423890293 0.067653492 -0.005025676 0.997696280 42.782035828
0.997667432 0.003412365 -0.068176329 -2.539660931 -0.003068525 0.999982119 0.005147475 -0.426921070 0.068192661 -0.004926267 0.997660100 43.758769989
0.997566998 0.001082238 -0.069704138 -2.602285862 -0.000634716 0.999979019 0.006442135 -0.437660426 0.069709644 -0.006382220 0.997546911 44.753185272
0.997503340 0.001448597 -0.070603445 -2.673917532 -0.000921912 0.999971509 0.007491779 -0.444952726 0.070612282 -0.007407985 0.997476399 45.741615295
0.997511148 0.004140200 -0.070387430 -2.760094881 -0.003863717 0.999984264 0.004063714 -0.457727134 0.070403151 -0.003781644 0.997511506 46.708599091
0.997435808 0.004732671 -0.071410231 -2.834886789 -0.004748015 0.999988675 -0.000045119 -0.465649396 0.071409225 0.000384059 0.997447073 47.677009583
0.997373641 0.005579115 -0.072211541 -2.895801067 -0.005686783 0.999982953 -0.001285482 -0.472187072 0.072203159 0.001692757 0.997388482 48.642211914
0.997391880 0.004427385 -0.072038576 -2.973814487 -0.004254073 0.999987721 0.002559079 -0.487909704 0.072049029 -0.002245947 0.997398555 49.621849060
0.997376561 0.002325739 -0.072349072 -3.041596651 -0.001935012 0.999983132 0.005470205 -0.496108830 0.072360575 -0.005315858 0.997364402 50.587589264
0.997334838 0.000336993 -0.072958916 -3.103376865 0.000114736 0.999980807 0.006187264 -0.507112920 0.072959624 -0.006179146 0.997315764 51.540214539
0.997310996 -0.002893053 -0.073227011 -3.173050642 0.003257362 0.999982893 0.004856122 -0.514875591 0.073211707 -0.005081592 0.997303426 52.497684479
0.997286737 -0.005624213 -0.073398285 -3.241026402 0.005919504 0.999975324 0.003806222 -0.527134538 0.073375069 -0.004230378 0.997295499 53.440601349
0.997214675 -0.006927750 -0.074262291 -3.314828634 0.007304703 0.999961793 0.004805570 -0.535271049 0.074226156 -0.005334649 0.997227192 54.394763947
0.997066259 -0.010448449 -0.075825825 -3.379973888 0.011158721 0.999897659 0.008949504 -0.538536310 0.075724557 -0.009769370 0.997080982 55.346725464
0.997020721 -0.010951636 -0.076353095 -3.447953701 0.012063634 0.999827564 0.014117890 -0.545895159 0.076185323 -0.014996927 0.996980965 56.289039612
0.997021973 -0.009053096 -0.076584712 -3.530964375 0.010319365 0.999816358 0.016154692 -0.544014394 0.076424390 -0.016896892 0.996932268 57.234210968
0.996910989 -0.007801028 -0.078151047 -3.607093334 0.008763875 0.999889672 0.011984942 -0.544352412 0.078048937 -0.012632828 0.996869564 58.162887573
0.996818185 -0.005948849 -0.079486422 -3.681935549 0.006321984 0.999970078 0.004443495 -0.554948568 0.079457626 -0.004931870 0.996826172 59.064643860
0.996746898 -0.005057152 -0.080435693 -3.761457682 0.005060331 0.999987125 -0.000164329 -0.562771976 0.080435477 -0.000243237 0.996759713 60.002410889
0.996719182 0.000259330 -0.080936171 -3.850061893 -0.000214546 0.999999821 0.000562033 -0.571450591 0.080936298 -0.000542825 0.996719062 60.900756836
0.996593118 0.002728439 -0.082428716 -3.931496859 -0.002487719 0.999992311 0.003022913 -0.585962296 0.082436323 -0.002807555 0.996592343 61.801303864
0.996493220 0.005115574 -0.083515964 -4.005005836 -0.004755576 0.999978483 0.004508899 -0.599279583 0.083537243 -0.004095920 0.996496201 62.681148529
0.996372700 0.005805597 -0.084897913 -4.081114769 -0.005474716 0.999976456 0.004129704 -0.606766462 0.084919900 -0.003649933 0.996381104 63.546031952
0.996247530 0.007328251 -0.086238243 -4.160240650 -0.006899793 0.999962270 0.005265336 -0.617552578 0.086273581 -0.004650550 0.996260703 64.391479492
0.996118784 0.008465629 -0.087611414 -4.239942551 -0.007984420 0.999951065 0.005841519 -0.628204107 0.087656580 -0.005119320 0.996137679 65.233757019
0.996011317 0.008307611 -0.088840485 -4.314912319 -0.007776790 0.999949872 0.006319480 -0.639276505 0.088888533 -0.005603379 0.996025860 66.043342590
0.995909393 0.008082097 -0.089995362 -4.388909340 -0.007454688 0.999945521 0.007305543 -0.645238221 0.090049498 -0.006604772 0.995915473 66.847976685
0.995744586 0.010850790 -0.091514610 -4.466938496 -0.009964334 0.999898970 0.010137881 -0.652569413 0.091615371 -0.009182861 0.995752156 67.645576477
0.995610952 0.012301511 -0.092776239 -4.545473576 -0.011020696 0.999836981 0.014305181 -0.657152057 0.092937090 -0.013219938 0.995584249 68.432777405
0.995413482 0.015260391 -0.094441064 -4.629323006 -0.013818570 0.999778032 0.015902136 -0.659334421 0.094662786 -0.014524162 0.995403469 69.211425781
0.995249689 0.018336859 -0.095613047 -4.708485126 -0.017286438 0.999780893 0.011802974 -0.667028666 0.095808536 -0.010094097 0.995348632 69.949279785
0.995100141 0.018187316 -0.097184204 -4.779979229 -0.017814215 0.999830306 0.004705461 -0.675351024 0.097253293 -0.002951145 0.995255291 70.673423767
0.994973660 0.017460328 -0.098602533 -4.854455471 -0.017653698 0.999843597 -0.001088924 -0.684954226 0.098568104 0.002824151 0.995126247 71.379318237
0.994929433 0.017924784 -0.098965250 -4.928903103 -0.018248882 0.999830663 -0.002370542 -0.688484550 0.098906018 0.004164527 0.995088041 72.073066711
0.994799316 0.020951953 -0.099675089 -5.007435799 -0.020921957 0.999780178 0.001346356 -0.701928973 0.099681385 0.000746044 0.995019138 72.749778748
0.994656444 0.021456415 -0.100985453 -5.080073833 -0.021189822 0.999768555 0.003712033 -0.719692051 0.101041734 -0.001552334 0.994881034 73.404373169
0.994645774 0.018153200 -0.101735659 -5.146290302 -0.018226590 0.999833822 0.000208205 -0.726256490 0.101722538 0.001647204 0.994811535 74.031875610
0.994733453 0.009583797 -0.102046028 -5.193451405 -0.010125511 0.999937177 -0.004791832 -0.742512047 0.101993695 0.005799864 0.994768143 74.646514893
0.994855225 0.005590955 -0.101151802 -5.246519089 -0.006622523 0.999929368 -0.009865267 -0.746534348 0.101089522 0.010484394 0.994822085 75.243080139
0.995166659 0.007928094 -0.097879596 -5.309328079 -0.008959565 0.999908745 -0.010103112 -0.758131742 0.097790577 0.010931239 0.995146990 75.824935913
0.995501578 0.013098698 -0.093833908 -5.367809296 -0.013787534 0.999882519 -0.006696433 -0.777674198 0.093735181 0.007960050 0.995565355 76.389007568
0.995944798 0.011515671 -0.089226320 -5.416971684 -0.011892422 0.999922514 -0.003691921 -0.785857499 0.089176886 0.004738068 0.996004581 76.946685791
0.996479690 0.007972579 -0.083455004 -5.453167439 -0.007984859 0.999968052 0.000186650 -0.791274548 0.083453834 0.000480382 0.996511579 77.492301941
0.997159898 0.003361143 -0.075238429 -5.482710361 -0.003098089 0.999988675 0.003612701 -0.804392934 0.075249717 -0.003369346 0.997159004 78.017356873
0.997875094 0.007118123 -0.064765699 -5.510283947 -0.006894812 0.999969482 0.003670856 -0.816402197 0.064789854 -0.003216509 0.997893810 78.526977539
0.998697758 0.012339354 -0.049502868 -5.539536476 -0.012199186 0.999920666 0.003132683 -0.823523164 0.049537603 -0.002524709 0.998769104 79.028427124
0.999357998 0.017345579 -0.031344689 -5.554962158 -0.017240524 0.999844790 0.003618761 -0.828431904 0.031402584 -0.003076039 0.999502122 79.523689270
0.999834120 0.015721256 -0.009191317 -5.545255661 -0.015683698 0.999868393 0.004144091 -0.835251391 0.009255252 -0.003999250 0.999949276 80.001098633
0.999780655 0.012434376 0.016849548 -5.511381149 -0.012521626 0.999908686 0.005082586 -0.840640962 -0.016784811 -0.005292456 0.999845147 80.455207825
0.998863578 0.011334264 0.046292156 -5.465680122 -0.011651657 0.999910414 0.006592220 -0.848326504 -0.046213292 -0.007124109 0.998906255 80.910324097
0.996769011 0.010757104 0.079596974 -5.412996292 -0.011444749 0.999900937 0.008187894 -0.856980801 -0.079501025 -0.009072405 0.996793449 81.363265991
0.993083179 0.011005196 0.116894834 -5.333518028 -0.012044153 0.999893963 0.008185309 -0.855699897 -0.116792358 -0.009536593 0.993110538 81.802612305
0.987249732 0.010971658 0.158800453 -5.251045704 -0.012480927 0.999885857 0.008509949 -0.866628051 -0.158688933 -0.010383419 0.987274051 82.202590942
0.978909910 0.010662952 0.204013973 -5.137461662 -0.012637259 0.999885082 0.008376934 -0.872607052 -0.203901201 -0.010778441 0.978932142 82.618751526
0.967374086 0.012895043 0.253023833 -5.003048897 -0.014963364 0.999868512 0.006251677 -0.880474389 -0.252909899 -0.009833797 0.967439830 83.022598267
0.951844275 0.014094062 0.306257963 -4.852532387 -0.015868552 0.999868631 0.003304991 -0.887869775 -0.306171149 -0.008005706 0.951942861 83.403640747
0.932011068 0.014629409 0.362134308 -4.670984745 -0.015928613 0.999872983 0.000602242 -0.887764931 -0.362079471 -0.006329594 0.932125688 83.776344299
0.907904148 0.014224555 0.418936580 -4.476674080 -0.015328880 0.999882281 -0.000729774 -0.902463853 -0.418897599 -0.005759263 0.908015251 84.110221863
0.879212439 0.014042817 0.476222932 -4.261797428 -0.014349616 0.999892473 -0.002992186 -0.906620681 -0.476213723 -0.004202848 0.879319549 84.408851624
0.845961630 0.013096531 0.533082843 -4.016463280 -0.012045710 0.999912620 -0.005449766 -0.910042346 -0.533107638 -0.001811068 0.846045494 84.708221436
0.808766365 0.012478249 0.587997735 -3.760516644 -0.010835797 0.999921322 -0.006315739 -0.924064875 -0.588030338 -0.001263467 0.808837891 85.001365662
0.769065499 0.011359240 0.639069080 -3.482392311 -0.009907862 0.999933779 -0.005850219 -0.929801643 -0.639093220 -0.001832607 0.769127190 85.267066956
0.726613820 0.010947329 0.686958909 -3.188468695 -0.011236408 0.999928594 -0.004049759 -0.935147285 -0.686954200 -0.004776340 0.726684988 85.511604309
0.682022870 0.010407694 0.731256783 -2.886608362 -0.009906795 0.999938369 -0.004991946 -0.931236804 -0.731263697 -0.003839789 0.682084084 85.726081848
0.635994375 0.008289435 0.771649182 -2.557332039 -0.006899547 0.999963284 -0.005055486 -0.952575564 -0.771662831 -0.002108769 0.636028349 85.930244446
0.590889752 0.005128177 0.806735992 -2.215680838 0.000693044 0.999976218 -0.006864163 -0.951542735 -0.806752026 0.004615067 0.590872169 86.090850830
0.544553459 0.006772069 0.838698745 -1.880440116 -0.001348673 0.999973238 -0.007198607 -0.965738356 -0.838725030 0.002788896 0.544547915 86.256217957
0.497545838 0.010200667 0.867377698 -1.543168664 -0.004159100 0.999947429 -0.009373988 -0.963331461 -0.867427647 0.001056479 0.497562170 86.412536621
0.452318788 0.011863868 0.891777456 -1.203060985 -0.005025228 0.999929607 -0.010753833 -0.978502512 -0.891842186 0.000382777 0.452346563 86.544837952
0.409677655 0.009935544 0.912176192 -0.850682020 0.001663476 0.999930918 -0.011638481 -0.983059049 -0.912228823 0.006285410 0.409632832 86.660469055
0.369128525 0.002297278 0.929375470 -0.480780959 0.016372260 0.999825597 -0.008974139 -0.990054429 -0.929234147 0.018528592 0.369026572 86.771530151
0.333735079 -0.000953553 0.942666352 -0.114076741 0.020521313 0.999769866 -0.006253908 -0.991928279 -0.942443490 0.021431906 0.333677858 86.863220215
0.300536543 0.002537660 0.953766882 0.250295103 0.018067319 0.999801815 -0.008353244 -1.002772212 -0.953599215 0.019742468 0.300431162 86.959678650
0.269484371 0.010234577 0.962950289 0.620487332 0.007159664 0.999894619 -0.012630886 -1.017221332 -0.962978184 0.010298231 0.269382745 87.060142517
0.241200939 0.014984717 0.970359504 1.002564907 0.002497990 0.999867857 -0.016061321 -1.032185912 -0.970471978 0.006297954 0.241131648 87.149696350
0.215468109 0.016540969 0.976370752 1.393438816 0.004035540 0.999832928 -0.017829023 -1.047054052 -0.976502538 0.007781768 0.215365320 87.216049194
0.192054018 0.017945332 0.981220245 1.802671075 0.011205477 0.999727547 -0.020477055 -1.056362510 -0.981320381 0.014927740 0.191800579 87.271980286
0.172295734 0.023891382 0.984755456 2.213838816 0.017795371 0.999467194 -0.027361836 -1.062091231 -0.984884501 0.022238418 0.171778753 87.310440063
0.152287424 0.031070389 0.987847686 2.636581421 0.020603739 0.999188721 -0.034603376 -1.054318547 -0.988121450 0.025623018 0.151523724 87.368705750
0.134551451 0.031758200 0.990397573 3.077696323 0.018509924 0.999231398 -0.034556147 -1.067672133 -0.990733743 0.022981761 0.133860186 87.426773071
0.119270369 0.027291263 0.992486656 3.539702415 0.016230892 0.999434888 -0.029432850 -1.093971729 -0.992729187 0.019619407 0.118760012 87.475936890
0.104811050 0.024203580 0.994197547 4.007761955 0.015882485 0.999535561 -0.026007909 -1.115107656 -0.994365394 0.018516244 0.104377970 87.518905640
0.091460690 0.021554599 0.995575249 4.501754761 0.019357422 0.999538302 -0.023418706 -1.129934669 -0.995620489 0.021413669 0.091001227 87.557434082
0.079929225 0.020669037 0.996586204 4.995714188 0.022925263 0.999482393 -0.022567779 -1.145837665 -0.996536911 0.024650827 0.079414017 87.582534790
0.069600627 0.021378392 0.997345805 5.506746769 0.026263498 0.999384522 -0.023254907 -1.159322381 -0.997229218 0.027812347 0.068996318 87.611999512
0.061696291 0.021813320 0.997856498 6.047585964 0.028319096 0.999320269 -0.023596253 -1.172412992 -0.997693121 0.029714197 0.061036635 87.640701294
0.056384344 0.022246096 0.998161316 6.583267212 0.030242436 0.999254942 -0.023978816 -1.187357664 -0.997950971 0.031538855 0.055669554 87.658233643
0.050935999 0.023391893 0.998427868 7.143667221 0.031680934 0.999184728 -0.025025863 -1.201818466 -0.998199344 0.032905843 0.050153393 87.680931091
0.045087244 0.024101708 0.998692155 7.729709148 0.031815082 0.999167204 -0.025549501 -1.220167756 -0.998476267 0.032925434 0.044282895 87.703987122
0.040216707 0.024029344 0.998901904 8.331679344 0.034105361 0.999095201 -0.025407111 -1.237640023 -0.998608708 0.035089701 0.039360806 87.729675293
0.037417822 0.024139352 0.999008000 8.955705643 0.035389893 0.999049067 -0.025465872 -1.253805280 -0.998672843 0.036307666 0.036527954 87.747283936
0.034434110 0.023489518 0.999131024 9.594232559 0.036525905 0.999026179 -0.024745891 -1.275922656 -0.998739302 0.037346266 0.033542603 87.763572693
0.032030102 0.022826899 0.999226213 10.247370720 0.038610116 0.998964667 -0.024058567 -1.295627356 -0.998740911 0.039350834 0.031115590 87.781517029
0.031411156 0.022468140 0.999253988 10.923045158 0.043061130 0.998788655 -0.023811288 -1.315912843 -0.998578548 0.043776955 0.030405603 87.795463562
0.032591462 0.022004535 0.999226511 11.612528801 0.046613023 0.998636305 -0.023511903 -1.334548235 -0.998381197 0.047343262 0.031521317 87.811744690
0.034963984 0.021788273 0.999151051 12.319528580 0.048487760 0.998547912 -0.023471892 -1.357655048 -0.998211622 0.049267266 0.033856753 87.838088989
0.038747896 0.021772817 0.999011695 13.047363281 0.050948020 0.998419285 -0.023735983 -1.377949595 -0.997949421 0.051817395 0.037577372 87.863059998
0.043309394 0.021212939 0.998836398 13.789506912 0.051474724 0.998399198 -0.023435591 -1.398961544 -0.997734785 0.052429821 0.042148151 87.894256592
0.047258731 0.019611955 0.998690069 14.541352272 0.052881677 0.998356044 -0.022107793 -1.419628978 -0.997482002 0.053857200 0.046143934 87.930900574
0.050732896 0.018250493 0.998545408 15.307449341 0.052051798 0.998425722 -0.020892890 -1.439352512 -0.997354925 0.053036045 0.049703069 87.982215881
0.055166442 0.015997551 0.998349011 16.102731705 0.049436651 0.998601556 -0.018733351 -1.459264636 -0.997252643 0.050388489 0.054298431 88.028221130
0.058788113 0.014994038 0.998157859 16.898262024 0.048673376 0.998654842 -0.017868204 -1.478975177 -0.997083187 0.049634155 0.057979226 88.090270996
0.063160136 0.015652673 0.997880578 17.701650620 0.046119813 0.998763025 -0.018585632 -1.503383398 -0.996937215 0.047195952 0.062360108 88.145530701
0.066275932 0.020025300 0.997600377 18.498979568 0.043638483 0.998783827 -0.022948194 -1.526502490 -0.996846676 0.045054682 0.065321453 88.194702148
0.067522772 0.025578765 0.997389793 19.300903320 0.037893351 0.998884439 -0.028182454 -1.548215270 -0.996997952 0.039697401 0.066478170 88.261421204
0.067241430 0.028398735 0.997332513 20.111825943 0.034901429 0.998916149 -0.030796926 -1.579764605 -0.997126162 0.036879160 0.066177391 88.324623108
0.067572191 0.027956223 0.997322559 20.936365128 0.032850184 0.999003053 -0.030229047 -1.613226533 -0.997173429 0.034804877 0.066586450 88.386833191
0.067540333 0.026232652 0.997371614 21.747579575 0.029857643 0.999153376 -0.028301429 -1.646202087 -0.997269690 0.031690650 0.066699907 88.451034546
0.067556232 0.024694642 0.997409821 22.560741425 0.031154472 0.999153912 -0.026847968 -1.681363940 -0.997228980 0.032887526 0.066729724 88.502517700
0.067606792 0.023854714 0.997426808 23.385608673 0.028436994 0.999261916 -0.025826097 -1.719233871 -0.997306645 0.030109845 0.066878527 88.576293945
0.067738257 0.024518505 0.997401893 24.199636459 0.026790300 0.999292791 -0.026384452 -1.749931335 -0.997343361 0.028507935 0.067033507 88.630455017
0.067790195 0.025261709 0.997379720 25.011142731 0.023718169 0.999356031 -0.026923852 -1.781513929 -0.997417629 0.025481192 0.067147374 88.692314148
0.066134661 0.026520588 0.997458100 25.826217651 0.020766493 0.999393642 -0.027948931 -1.816221476 -0.997594595 0.022562103 0.065543815 88.764015198
0.063341908 0.026365727 0.997643530 26.642784119 0.017644424 0.999465108 -0.027534142 -1.847994566 -0.997835934 0.019346910 0.062842831 88.822456360
0.059625424 0.025022114 0.997907102 27.446239471 0.015115297 0.999548554 -0.025966423 -1.879142880 -0.998106360 0.016631922 0.059220299 88.871749878
0.054790583 0.022454796 0.998245299 28.258630753 0.013365207 0.999641001 -0.023219768 -1.910588622 -0.998408437 0.014613981 0.054470811 88.920982361
0.048766945 0.020505855 0.998599529 29.065158844 0.010893083 0.999718845 -0.021060806 -1.940765142 -0.998750865 0.011904902 0.048529867 88.962371826
0.041003387 0.020792352 0.998942733 29.877815247 0.010782330 0.999715984 -0.021251032 -1.969189405 -0.999100864 0.011642294 0.040767569 89.000465393
0.032621175 0.021369824 0.999239266 30.680526733 0.010821364 0.999705195 -0.021733064 -1.998839021 -0.999409258 0.011522090 0.032380316 89.024627686
0.022739116 0.021716494 0.999505520 31.486778259 0.011523016 0.999691904 -0.021982694 -2.024745464 -0.999675035 0.012017187 0.022481877 89.043930054
0.012330410 0.021154363 0.999700189 32.274364471 0.012683104 0.999692500 -0.021310631 -2.051631212 -0.999843597 0.012942070 0.012058314 89.050621033
0.001270200 0.020350846 0.999792099 33.068344116 0.011519834 0.999726295 -0.020364137 -2.079504967 -0.999932885 0.011543307 0.001035414 89.056213379
-0.009790915 0.019197911 0.999767780 33.854473114 0.013122390 0.999732137 -0.019068714 -2.109070539 -0.999866068 0.012932641 -0.010040215 89.045166016
-0.020715214 0.019827500 0.999588728 34.631072998 0.013217564 0.999721348 -0.019556213 -2.132987261 -0.999698043 0.012807020 -0.020971516 89.027290344
-0.031985033 0.020475967 0.999278605 35.407939911 0.013085971 0.999713063 -0.020066012 -2.158406734 -0.999402761 0.012434719 -0.032243807 89.003356934
-0.042164676 0.021451369 0.998880327 36.177566528 0.012607665 0.999701321 -0.020936804 -2.187557459 -0.999031067 0.011710755 -0.042422540 88.960357666
-0.052507106 0.022583967 0.998365104 36.941444397 0.013234822 0.999672234 -0.021917472 -2.210969687 -0.998532832 0.012062361 -0.052788794 88.919815063
-0.061951894 0.023139125 0.997810841 37.694496155 0.014662323 0.999644399 -0.022271292 -2.244007826 -0.997971475 0.013250476 -0.062269140 88.866806030
-0.071791030 0.023739342 0.997137129 38.467365265 0.015355382 0.999624610 -0.022693016 -2.267961740 -0.997301400 0.013682268 -0.072128616 88.815330505
-0.081032775 0.024038339 0.996421516 39.206134796 0.015879301 0.999613464 -0.022823974 -2.297820807 -0.996584833 0.013972988 -0.081383169 88.752929688
-0.089545481 0.023342211 0.995709181 39.940097809 0.017174732 0.999612987 -0.021889176 -2.324366093 -0.995834649 0.015140961 -0.089911714 88.680335999
-0.096865028 0.022427738 0.995044768 40.679977417 0.019117696 0.999603570 -0.020669429 -2.348751545 -0.995113909 0.017020820 -0.097255394 88.602104187
-0.102327757 0.020820139 0.994532824 41.405483246 0.021760708 0.999588549 -0.018687015 -2.374037027 -0.994512677 0.019729540 -0.102738723 88.531463623
-0.105904281 0.019419700 0.994186580 42.113117218 0.025150055 0.999541640 -0.016845232 -2.395582438 -0.994058192 0.023219869 -0.106344156 88.445747375
-0.108411394 0.018171780 0.993939996 42.825649261 0.026454061 0.999531567 -0.015388602 -2.417514324 -0.993754029 0.024625450 -0.108841322 88.360267639
-0.110238589 0.017195316 0.993756354 43.508766174 0.026264498 0.999551594 -0.014382041 -2.440488815 -0.993558049 0.024515057 -0.110640772 88.288009644
-0.110926956 0.017750436 0.993669987 44.172660828 0.027439127 0.999514043 -0.014791699 -2.461971998 -0.993449748 0.025624637 -0.111360118 88.209526062
-0.109956987 0.018671041 0.993760943 44.822624207 0.028000826 0.999484956 -0.015680365 -2.482624292 -0.993541896 0.026101962 -0.110423155 88.138961792
-0.106766380 0.020451926 0.994073749 45.447120667 0.029166764 0.999422610 -0.017429374 -2.502555132 -0.993856251 0.027133040 -0.107301258 88.071662903
-0.101667196 0.020882756 0.994599223 46.077899933 0.029439887 0.999404907 -0.017974334 -2.526401520 -0.994382799 0.027453490 -0.102221504 88.008163452
-0.093840763 0.021676427 0.995351136 46.672710419 0.028799523 0.999403596 -0.019049488 -2.546254396 -0.995170593 0.026878022 -0.094409078 87.959724426
-0.082387231 0.021746397 0.996363103 47.259078979 0.027898461 0.999420404 -0.019506261 -2.567655563 -0.996209919 0.026189929 -0.082946174 87.917800903
-0.068860307 0.021788772 0.997388303 47.812221527 0.027111728 0.999433041 -0.019961633 -2.593227386 -0.997257888 0.025666360 -0.069412000 87.888694763
-0.052205142 0.022971217 0.998372138 48.355438232 0.025330141 0.999444187 -0.021671358 -2.619686604 -0.998315036 0.024157552 -0.052757997 87.882339478
-0.030671790 0.025503395 0.999204099 48.887638092 0.023541713 0.999415517 -0.024786146 -2.640425920 -0.999252260 0.022762742 -0.031254258 87.881317139
-0.006031551 0.028456027 0.999576807 49.404865265 0.021618405 0.999365091 -0.028319551 -2.666171551 -0.999748111 0.021438446 -0.006642895 87.896369934
0.022033280 0.029923951 0.999309242 49.913158417 0.019334227 0.999352217 -0.030351527 -2.692653656 -0.999570191 0.019989615 0.021440452 87.927886963
0.055606600 0.029336628 0.998021662 50.429733276 0.017322877 0.999389410 -0.030342005 -2.717110157 -0.998302460 0.018975820 0.055064458 87.969375610
0.093890689 0.026710620 0.995224118 50.928966522 0.016577529 0.999459445 -0.028388234 -2.740409613 -0.995444417 0.019163750 0.093397155 88.034172058
0.135722786 0.023106968 0.990477324 51.429336548 0.014215722 0.999579608 -0.025267260 -2.758257627 -0.990644813 0.017509695 0.135337263 88.130935669
0.181405425 0.018959273 0.983225644 51.919681549 0.011380914 0.999706805 -0.021376854 -2.779883623 -0.983342528 0.015067887 0.181136459 88.242622375
0.229344666 0.015811307 0.973216772 52.398231506 0.006671173 0.999819040 -0.017815599 -2.795937300 -0.973322392 0.010578411 0.229197696 88.395317078
0.281143397 0.014075406 0.959562480 52.878726959 0.002812839 0.999876082 -0.015490885 -2.817332983 -0.959661663 0.007054256 0.281068951 88.553512573
0.336526513 0.013991767 0.941569984 53.333583832 0.001882011 0.999877632 -0.015530869 -2.830554485 -0.941672087 0.006998595 0.336459041 88.742187500
0.394460768 0.014983557 0.918790638 53.776962280 0.004099034 0.999828398 -0.018064938 -2.837936878 -0.918903708 0.010892064 0.394331723 88.962165833
0.451525629 0.017805437 0.892080486 54.169017792 0.005167383 0.999731898 -0.022569560 -2.859452009 -0.892243326 0.014800455 0.451312542 89.230888367
0.511154115 0.020863144 0.859235823 54.562213898 0.006721974 0.999577761 -0.028269649 -2.876600027 -0.859462798 0.020225909 0.510798037 89.502799988
0.570114791 0.025801422 0.821159840 54.936122894 0.002698772 0.999442458 -0.033276893 -2.878662348 -0.821560621 0.021187775 0.569727421 89.792724609
0.625591457 0.027627425 0.779661417 55.281982422 -0.001525286 0.999414146 -0.034190524 -2.910007238 -0.780149281 0.020200098 0.625267148 90.125221252
0.677106321 0.029691139 0.735285997 55.573429108 -0.003998465 0.999319375 -0.036670834 -2.916293383 -0.735874414 0.021890037 0.676764190 90.464431763
0.726356804 0.030064687 0.686659932 55.871372223 -0.005500614 0.999265254 -0.037933167 -2.911945581 -0.687295914 0.023775963 0.725988448 90.826408386
0.771911502 0.024019672 0.635276139 56.142482758 -0.006531643 0.999532938 -0.029855682 -2.955774784 -0.635696590 0.018896548 0.771707773 91.205421448
0.812099278 0.020593390 0.583155870 56.373294830 -0.008250440 0.999682367 -0.023812978 -2.957307339 -0.583461106 0.014527209 0.812011302 91.627548218
0.849089980 0.017663782 0.527952850 56.584659576 -0.009918928 0.999797702 -0.017498050 -2.969260693 -0.528155208 0.009620694 0.849093378 92.023536682
0.880257487 0.014400756 0.474277645 56.771064758 -0.010756722 0.999888062 -0.010395728 -2.977549553 -0.474374354 0.004049244 0.880313993 92.456253052
0.905684650 0.015814595 0.423656851 56.932281494 -0.015059520 0.999873340 -0.005130140 -2.988205194 -0.423684478 -0.001733784 0.905808210 92.899085999
0.925552249 0.017112408 0.378232956 57.050819397 -0.018171092 0.999834538 -0.000770106 -3.010702610 -0.378183693 -0.006160138 0.925710201 93.307624817
0.940627813 0.023623595 0.338616580 57.166824341 -0.025816588 0.999664724 0.001973101 -3.022718668 -0.338456571 -0.010597883 0.940922379 93.755462646
0.952270925 0.028676562 0.303904355 57.270233154 -0.030367881 0.999538422 0.000839479 -3.024299622 -0.303740114 -0.010028346 0.952702224 94.206085205
0.961640179 0.029159589 0.272759318 57.387641907 -0.030668320 0.999528825 0.001268670 -3.023921251 -0.272593856 -0.009585077 0.962081432 94.663536072
0.967736304 0.024343610 0.250786006 57.500556946 -0.025414882 0.999676406 0.001033458 -3.026534796 -0.250679761 -0.007373814 0.968042016 95.134109497
0.971687496 0.021392513 0.235298961 57.603256226 -0.022513583 0.999744356 0.002078747 -3.038868666 -0.235194415 -0.007317316 0.971920848 95.624794006
0.974508345 0.026162483 0.222820491 57.697463989 -0.027195809 0.999628901 0.001569748 -3.039544106 -0.222696796 -0.007589519 0.974858224 96.119705200
0.976544857 0.031374406 0.213015571 57.792644501 -0.032630332 0.999464631 0.002381884 -3.043267488 -0.212826848 -0.009276788 0.977045894 96.616386414
0.977532566 0.039955854 0.206962675 57.881988525 -0.041051619 0.999156535 0.001000904 -3.047702074 -0.206748188 -0.009474571 0.978348374 97.131881714
0.977921247 0.044965960 0.204078376 57.975894928 -0.045409326 0.998965323 -0.002512191 -3.050252914 -0.203980252 -0.006810339 0.978951335 97.642189026
0.977939963 0.046553653 0.203632504 58.073825836 -0.046537846 0.998904705 -0.004868788 -3.060842991 -0.203636184 -0.004715238 0.979035318 98.169036865
0.977659106 0.044413291 0.205450669 58.207767487 -0.043645203 0.999012828 -0.008271158 -3.070148468 -0.205615252 -0.000880565 0.978632510 98.683547974
0.976889431 0.043502748 0.209271267 58.328777313 -0.041336447 0.999036968 -0.014716323 -3.078241348 -0.209709913 0.005725691 0.977746904 99.230720520
0.976007938 0.043338761 0.213377938 58.451450348 -0.040057622 0.999003589 -0.019678801 -3.080354214 -0.214018196 0.010659252 0.976771533 99.790260315
0.974739552 0.048495825 0.218015552 58.568626404 -0.045395546 0.998784363 -0.019209821 -3.096225500 -0.218682125 0.008827636 0.975756228 100.372200012
0.973288298 0.051630046 0.223705411 58.698566437 -0.049455956 0.998658955 -0.015314340 -3.105980158 -0.224196076 0.003841702 0.974536538 100.963645935
0.972371399 0.048310824 0.228385210 58.839782715 -0.047133774 0.998832226 -0.010608671 -3.121166706 -0.228631034 -0.000449089 0.973513067 101.555122375
0.971687794 0.044190228 0.232099131 58.992374420 -0.044206165 0.999009132 -0.005135102 -3.131275654 -0.232096136 -0.005270496 0.972678602 102.169296265
0.970888436 0.041522227 0.235905632 59.144947052 -0.042655211 0.999089718 -0.000300887 -3.142247200 -0.235703424 -0.009770478 0.971776009 102.797210693
0.970384955 0.036312848 0.238818407 59.305057526 -0.037486006 0.999297023 0.000370733 -3.150909901 -0.238637105 -0.009312103 0.971064210 103.422859192
0.970369637 0.033190824 0.239334539 59.460731506 -0.033432044 0.999436259 -0.003052960 -3.157202721 -0.239300996 -0.005038944 0.970932424 104.070976257
0.970566690 0.032702018 0.238601714 59.626850128 -0.031205880 0.999462485 -0.010046219 -3.166283131 -0.238802031 0.002304747 0.971065581 104.711540222
0.970715702 0.034850560 0.237689748 59.783336639 -0.031780146 0.999354780 -0.016738530 -3.176140785 -0.238119692 0.008694540 0.971196949 105.370712280
0.971242547 0.038026284 0.235035643 59.939182281 -0.034116041 0.999203861 -0.020682193 -3.182526827 -0.235634968 0.012068942 0.971766770 106.051338196
0.971895158 0.035981320 0.232647687 60.099849701 -0.033135675 0.999320626 -0.016129421 -3.195842266 -0.233070001 0.007967172 0.972427368 106.736923218
0.972311854 0.032429546 0.231425926 60.267772675 -0.031326156 0.999473512 -0.008441897 -3.212808847 -0.231577858 0.000958472 0.972815931 107.446907043
0.972888708 0.032747831 0.228943363 60.437824249 -0.033099417 0.999449372 -0.002305167 -3.229704142 -0.228892788 -0.005335220 0.973437011 108.157524109
0.973144352 0.036120005 0.227344334 60.596069336 -0.036412213 0.999332547 -0.002909936 -3.241075993 -0.227297708 -0.005446322 0.973810077 108.887123108
0.973454833 0.041479841 0.225089163 60.752262115 -0.040796492 0.999137759 -0.007688250 -3.249858379 -0.225214019 -0.001698684 0.974307835 109.617088318
0.974332094 0.042447116 0.221076980 60.918098450 -0.040578015 0.999091864 -0.012991421 -3.258786201 -0.221427694 0.003687092 0.975169837 110.351150513
0.975277364 0.041115291 0.217125654 61.084018707 -0.038540818 0.999127567 -0.016080223 -3.268980742 -0.217597425 0.007314477 0.976011217 111.107826233
0.976177454 0.039112002 0.213419408 61.248542786 -0.036886193 0.999215662 -0.014402883 -3.283819914 -0.213815361 0.006187539 0.976854622 111.882278442
0.977058887 0.035221610 0.210036442 61.416645050 -0.033408418 0.999367595 -0.012175748 -3.302582741 -0.210332483 0.004879438 0.977617741 112.660690308
0.977491975 0.033917654 0.208227992 61.584041595 -0.032692276 0.999422014 -0.009324435 -3.317698479 -0.208423883 0.002307115 0.978035867 113.456291199
0.977807879 0.031254593 0.207159117 61.749603271 -0.030438367 0.999511242 -0.007127103 -3.329567194 -0.207280636 0.000663353 0.978281319 114.257453918
0.978018045 0.025629422 0.206938982 61.915298462 -0.024939120 0.999671280 -0.005944195 -3.341855526 -0.207023337 0.000652654 0.978335738 115.041641235
0.978123665 0.026606074 0.206315860 62.079780579 -0.026304949 0.999645114 -0.004202972 -3.355329990 -0.206354514 -0.001316102 0.978476346 115.844245911
0.977886021 0.032196883 0.206644908 62.243484497 -0.031623837 0.999481380 -0.006076472 -3.371659517 -0.206733376 -0.000592807 0.978397131 116.665596008
0.977658808 0.037276331 0.206866354 62.413364410 -0.036058899 0.999302983 -0.009653812 -3.378653526 -0.207082033 0.001978760 0.978321612 117.485298157
0.977055132 0.046020813 0.207955390 62.573089600 -0.044627182 0.998938739 -0.011390720 -3.388440132 -0.208258897 0.001848898 0.978072047 118.317329407
0.976151407 0.052033305 0.210762799 62.737815857 -0.050904527 0.998645365 -0.010781268 -3.404356956 -0.211038277 -0.000204631 0.977477729 119.143409729
0.975333571 0.054407388 0.213925630 62.909175873 -0.053779300 0.998514533 -0.008759133 -3.427240849 -0.214084387 -0.002961695 0.976810634 119.977485657
0.974777818 0.055091001 0.216270939 63.089172363 -0.054334585 0.998478055 -0.009446526 -3.449238062 -0.216462255 -0.002542727 0.976287723 120.815689087
0.974425495 0.053532597 0.218240902 63.272178650 -0.052094992 0.998565912 -0.012340147 -3.462788582 -0.218588531 0.000655296 0.975816965 121.643829346
0.974413395 0.047215763 0.219747916 63.462558746 -0.045853157 0.998884261 -0.011299985 -3.476232767 -0.220036283 0.000934722 0.975491285 122.494552612
0.974662781 0.040889006 0.219910100 63.659427643 -0.039076034 0.999156892 -0.012589550 -3.503009558 -0.220239490 0.003677350 0.975438893 123.322204590
0.974523723 0.039691314 0.220744938 63.854938507 -0.037897192 0.999205112 -0.012358488 -3.527939796 -0.221060053 0.003678026 0.975253224 124.156272888
0.973950446 0.042389769 0.222763702 64.040664673 -0.041279249 0.999101162 -0.009641289 -3.544063330 -0.222972170 0.000194618 0.974824786 125.004859924
0.973513544 0.044278499 0.224300846 64.220207214 -0.044577722 0.998998880 -0.003732356 -3.561434031 -0.224241599 -0.006365323 0.974512875 125.848526001
0.973120809 0.048399199 0.225152403 64.403465271 -0.049768072 0.998760700 0.000404697 -3.580841541 -0.224853799 -0.011599220 0.974323511 126.686714172
0.972957432 0.047226831 0.226104513 64.591224670 -0.047068622 0.998873115 -0.006093772 -3.597347260 -0.226137504 -0.004713447 0.974083960 127.498794556
0.973165929 0.043270141 0.225999385 64.779914856 -0.039641745 0.999002159 -0.020570714 -3.617112637 -0.226664007 0.011059711 0.973910213 128.308181763
