1.000000000 0.000000000 -0.000000000 -0.000000119 0.000000000 0.999999940 -0.000000000 0.000000030 -0.000000000 -0.000000000 0.999999940 -0.000000060
0.999991596 -0.002379982 -0.003330363 -0.003859957 0.002372736 0.999994755 -0.002178052 -0.005493700 0.003335529 0.002170132 0.999992013 0.664142668
0.999971330 -0.001064720 -0.007493896 -0.012824181 0.001037791 0.999992907 -0.003596558 -0.010549774 0.007497672 0.003588678 0.999965370 1.358404160
0.999936283 -0.001699106 -0.011156552 -0.024761181 0.001643922 0.999986351 -0.004953680 -0.014120862 0.011164816 0.004935024 0.999925494 2.064776659
0.999872029 -0.000138838 -0.015997356 -0.043655943 0.000046546 0.999983370 -0.005769413 -0.015678778 0.015997887 0.005767931 0.999855340 2.784439087
0.999790728 -0.000689586 -0.020444412 -0.060091585 0.000565476 0.999981463 -0.006075782 -0.023702828 0.020448221 0.006062950 0.999772489 3.527574778
0.999695361 0.000573305 -0.024672499 -0.088497579 -0.000750883 0.999973834 -0.007188717 -0.032605492 0.024667736 0.007205053 0.999669671 4.272994041
0.999566913 0.003175147 -0.029254405 -0.124438874 -0.003411206 0.999961972 -0.008022821 -0.036248710 0.029227823 0.008119138 0.999539793 5.036683083
0.999422729 0.003660799 -0.033776104 -0.152568549 -0.003869224 0.999973893 -0.006107499 -0.052046467 0.033752862 0.006234661 0.999410689 5.824349403
0.999263942 0.003048535 -0.038241491 -0.189331129 -0.003188262 0.999988496 -0.003593357 -0.058070589 0.038230091 0.003712635 0.999262094 6.620429993
0.999137759 0.002816365 -0.041422620 -0.229966298 -0.002846972 0.999995828 -0.000679926 -0.068372279 0.041420523 0.000797269 0.999141455 7.431007862
0.999026835 0.004146001 -0.043910488 -0.274484694 -0.004215470 0.999989927 -0.001489558 -0.079489730 0.043903865 0.001673211 0.999034345 8.238109589
0.998937011 0.003647035 -0.045951165 -0.320941687 -0.003728041 0.999991655 -0.001677324 -0.085681573 0.045944661 0.001846848 0.998942256 9.056114197
0.998875678 0.001196770 -0.047391921 -0.367242455 -0.001318205 0.999995947 -0.002531189 -0.090130426 0.047388699 0.002590815 0.998873174 9.882557869
0.998751104 0.000470823 -0.049959719 -0.400615782 -0.000544840 0.999998748 -0.001467939 -0.101012297 0.049958959 0.001493325 0.998750091 10.732397079
0.998670399 -0.001025220 -0.051540498 -0.445556074 0.000933506 0.999997973 -0.001803504 -0.108436532 0.051542241 0.001752992 0.998669207 11.580301285
0.998582542 0.001383719 -0.053206686 -0.499044448 -0.001599351 0.999990642 -0.004010352 -0.119940460 0.053200640 0.004089763 0.998575449 12.435026169
0.998521566 0.001976393 -0.054320641 -0.553376377 -0.002333317 0.999976099 -0.006508062 -0.133139938 0.054306485 0.006625188 0.998502254 13.296119690
0.998408139 0.005610224 -0.056121230 -0.610228658 -0.006066279 0.999949932 -0.007959182 -0.147228062 0.056073762 0.008286959 0.998392224 14.171979904
0.998344302 0.007014521 -0.057090703 -0.666804612 -0.007462929 0.999942899 -0.007644871 -0.159613758 0.057033814 0.008058277 0.998339713 15.063717842
0.998270631 0.005564682 -0.058520127 -0.718940139 -0.005914183 0.999965608 -0.005800810 -0.175355434 0.058485840 0.006136878 0.998269320 15.947598457
0.998199940 0.006335345 -0.059637219 -0.781405270 -0.006617311 0.999967873 -0.004531721 -0.184904054 0.059606586 0.004918203 0.998209774 16.845024109
0.998144984 0.005732983 -0.060610961 -0.841815114 -0.005999961 0.999972999 -0.004223701 -0.201786458 0.060585108 0.004579530 0.998152494 17.750133514
0.998033106 0.005687960 -0.062430739 -0.896576345 -0.006012204 0.999969363 -0.005007021 -0.215185270 0.062400337 0.005372520 0.998036742 18.654903412
0.997979403 0.004133397 -0.063404076 -0.960082889 -0.004490488 0.999974787 -0.005490507 -0.229222879 0.063379779 0.005764129 0.997972906 19.569171906
0.997939527 0.003740869 -0.064052984 -1.017126083 -0.003986694 0.999985158 -0.003710445 -0.240372702 0.064038150 0.003958159 0.997939646 20.488075256
0.997955799 0.005587461 -0.063662224 -1.084012508 -0.005642198 0.999983788 -0.000680027 -0.248610422 0.063657403 0.001037831 0.997971237 21.411260605
0.998016536 0.006613921 -0.062603109 -1.148908257 -0.006438495 0.999974728 0.003003522 -0.256227076 0.062621385 -0.002594495 0.998033881 22.345132828
0.998127401 0.005718020 -0.060900506 -1.211315036 -0.005356436 0.999967039 0.006098898 -0.264991254 0.060933359 -0.005761268 0.998125196 23.284072876
0.998206019 0.005049238 -0.059659608 -1.264236450 -0.004631315 0.999963760 0.007141298 -0.274122268 0.059693508 -0.006852185 0.998193204 24.220312119
0.998284578 0.005578619 -0.058281112 -1.319619298 -0.005336776 0.999976575 0.004304417 -0.279645890 0.058303755 -0.003986001 0.998290956 25.163867950
0.998347163 0.006096101 -0.057146568 -1.388223052 -0.006139849 0.999981046 -0.000590001 -0.283101022 0.057141889 0.000939898 0.998365641 26.108020782
0.998399913 0.005883735 -0.056239922 -1.429430485 -0.006087918 0.999975443 -0.003459986 -0.294210374 0.056218185 0.003796833 0.998411238 27.046535492
0.998445988 0.003112413 -0.055641368 -1.479869127 -0.003269203 0.999990940 -0.002727109 -0.301018178 0.055632368 0.002904773 0.998447061 28.002803802
0.998449922 0.001531493 -0.055637561 -1.542707562 -0.001394984 0.999995887 0.002492266 -0.312256128 0.055641152 -0.002410788 0.998447895 28.992181778
0.998409033 -0.002084818 -0.056347236 -1.595047712 0.002433731 0.999978364 0.006124290 -0.326494575 0.056333248 -0.006251681 0.998392403 29.940017700
0.998287439 -0.009531029 -0.057718571 -1.639461875 0.009862138 0.999936461 0.005454470 -0.332942188 0.057662919 -0.006014357 0.998317897 30.914924622
0.998196661 -0.011705125 -0.058875985 -1.697864175 0.011815426 0.999929070 0.001525690 -0.335476488 0.058853950 -0.002218584 0.998264074 31.881975174
0.998113155 -0.011649327 -0.060285352 -1.757899404 0.011517663 0.999930382 -0.002531077 -0.339255452 0.060310647 0.001831955 0.998177946 32.861106873
0.997990847 -0.010078150 -0.062550202 -1.830608726 0.009876025 0.999944866 -0.003539728 -0.343254060 0.062582441 0.002914870 0.998035550 33.881439209
0.997959256 -0.010440613 -0.062993936 -1.885811448 0.010368022 0.999945045 -0.001479137 -0.367336571 0.063005924 0.000822996 0.998012781 34.813690186
0.997915745 -0.007351406 -0.064109974 -1.955785871 0.007445207 0.999971449 0.001224321 -0.379107624 0.064099140 -0.001699081 0.997942030 35.809959412
0.997822165 -0.007006389 -0.065588228 -2.021461010 0.007193854 0.999970675 0.002622479 -0.391170412 0.065567926 -0.003088600 0.997843325 36.799381256
0.997770011 -0.005884521 -0.066484675 -2.093254089 0.006242160 0.999967158 0.005172819 -0.397463202 0.066452041 -0.005576292 0.997774005 37.776607513
0.997787058 -0.005842919 -0.066232271 -2.158174515 0.006411471 0.999944329 0.008374920 -0.408598721 0.066179648 -0.008781032 0.997769058 38.765029907
0.997757673 -0.000437268 -0.066928484 -2.234457731 0.001151104 0.999942839 0.010627461 -0.408401132 0.066920005 -0.010680671 0.997701168 39.752628326
0.997773111 0.000306021 -0.066698931 -2.305486917 0.000362566 0.999949694 0.010011622 -0.418647707 0.066698648 -0.010013510 0.997722924 40.718910217
0.997760177 0.000009082 -0.066893004 -2.369275808 0.000539740 0.999966264 0.008186397 -0.415739268 0.066890821 -0.008204165 0.997726560 41.733352661
0.997759163 0.002315846 -0.066868678 -2.448143482 -0.001930730 0.999981165 0.005823326 -0.418681294 0.066880904 -0.005681172 0.997744799 42.729694366
0.997711122 0.002130277 -0.067587569 -2.521026850 -0.001747588 0.999982059 0.005720732 -0.422377169 0.067598537 -0.005589523 0.997696936 43.709018707
0.997612298 -0.000364655 -0.069060586 -2.582466364 0.000857146 0.999974430 0.007101786 -0.430306256 0.069056235 -0.007144024 0.997587085 44.710506439
0.997556031 0.000004022 -0.069871098 -2.654424191 0.000576497 0.999965489 0.008288259 -0.438509911 0.069868721 -0.008308282 0.997521579 45.696437836
0.997556984 0.002818020 -0.069799460 -2.737713099 -0.002498761 0.999986053 0.004660845 -0.449003905 0.069811627 -0.004475047 0.997550070 46.666103363
0.997473776 0.003274527 -0.070960201 -2.813570738 -0.003248525 0.999994576 0.000481825 -0.454844028 0.070961408 -0.000250091 0.997479022 47.638908386
0.997419357 0.003466851 -0.071711563 -2.870622396 -0.003526849 0.999993503 -0.000710043 -0.457639724 0.071708634 0.000961127 0.997425139 48.599124908
0.997425616 0.002323868 -0.071671546 -2.945961714 -0.002123019 0.999993563 0.002878406 -0.470307410 0.071677774 -0.002718836 0.997424126 49.578086853
0.997422814 0.000344297 -0.071747124 -3.017284870 0.000076407 0.999982715 0.005860874 -0.478522986 0.071747907 -0.005851252 0.997405648 50.548965454
0.997373283 -0.002195637 -0.072399348 -3.075948715 0.002694856 0.999973238 0.006798393 -0.487749130 0.072382487 -0.006975642 0.997352481 51.498737335
0.997333109 -0.005435866 -0.072780959 -3.144927979 0.005850748 0.999967754 0.005488427 -0.494719803 0.072748788 -0.005899613 0.997332811 52.455921173
0.997300982 -0.008518131 -0.072925925 -3.213005543 0.008862152 0.999951065 0.004395113 -0.504196048 0.072884917 -0.005029531 0.997327626 53.402927399
0.997228920 -0.009826847 -0.073741555 -3.286375999 0.010255885 0.999932528 0.005441727 -0.512741327 0.073683113 -0.006182933 0.997262478 54.358570099
0.997084796 -0.013218661 -0.075148717 -3.353855610 0.013977262 0.999856532 0.009577688 -0.515775204 0.075011320 -0.010600138 0.997126281 55.308151245
0.997034132 -0.013464161 -0.075773247 -3.422734499 0.014612677 0.999786258 0.014623274 -0.519650936 0.075560153 -0.015687151 0.997017801 56.246700287
0.997026205 -0.011738958 -0.076163553 -3.502790928 0.013039195 0.999777317 0.016596856 -0.516065061 0.075951762 -0.017540613 0.996957183 57.195110321
0.996931791 -0.010543072 -0.077561602 -3.577975512 0.011543218 0.999855638 0.012457823 -0.516930163 0.077419087 -0.013314911 0.996909678 58.115371704
0.996832728 -0.008553190 -0.079065390 -3.653050184 0.008945498 0.999949276 0.004608926 -0.523278832 0.079021968 -0.005301607 0.996858776 59.023967743
0.996782959 -0.007325543 -0.079811193 -3.736304998 0.007365265 0.999972761 0.000203321 -0.533257306 0.079807527 -0.000790498 0.996809900 59.953319550
0.996760309 -0.002090469 -0.080400065 -3.823506117 0.002180177 0.999997079 0.001028002 -0.543556631 0.080397680 -0.001199958 0.996762097 60.852306366
0.996628523 0.000570223 -0.082043923 -3.903431416 -0.000301108 0.999994516 0.003292467 -0.555813730 0.082045361 -0.003256663 0.996623278 61.751869202
0.996554673 0.002815028 -0.082890570 -3.979260206 -0.002412711 0.999984860 0.004953350 -0.569728911 0.082903266 -0.004736294 0.996546328 62.631027222
0.996438622 0.003459261 -0.084250353 -4.054172993 -0.003087467 0.999984860 0.004542863 -0.576368749 0.084264807 -0.004266564 0.996434271 63.497272491
0.996305108 0.005121804 -0.085732035 -4.136289597 -0.004668809 0.999974132 0.005483512 -0.585554063 0.085757919 -0.005062984 0.996303141 64.345848083
0.996204913 0.006187583 -0.086817749 -4.218729019 -0.005666615 0.999964476 0.006245858 -0.599894524 0.086853318 -0.005730193 0.996204555 65.193374634
0.996083140 0.005896475 -0.088224903 -4.292819977 -0.005320002 0.999962866 0.006767846 -0.607114911 0.088261545 -0.006271981 0.996077538 66.011497498
0.995993257 0.005626351 -0.089251019 -4.369974136 -0.004958752 0.999957979 0.007699989 -0.614488780 0.089290589 -0.007226563 0.995979369 66.819976807
0.995851636 0.008274324 -0.090614110 -4.450789928 -0.007366947 0.999919295 0.010343527 -0.618747652 0.090692379 -0.009633070 0.995832384 67.618492126
0.995695889 0.009974440 -0.092142448 -4.523182869 -0.008655404 0.999854386 0.014703727 -0.627903938 0.092275701 -0.013842911 0.995637178 68.402366638
0.995534003 0.013204052 -0.093475997 -4.602864265 -0.011715263 0.999795914 0.016457850 -0.629601359 0.093674228 -0.015289254 0.995485485 69.173164368
0.995354474 0.016037140 -0.094932713 -4.682832241 -0.014937290 0.999812961 0.012284935 -0.637793541 0.095111974 -0.010809829 0.995407820 69.917922974
0.995203674 0.015866959 -0.096528694 -4.753471375 -0.015459117 0.999868155 0.004971532 -0.643132627 0.096594848 -0.003455438 0.995317757 70.641029358
0.995073974 0.015115051 -0.097976379 -4.826203823 -0.015260178 0.999883175 -0.000732011 -0.653164566 0.097953878 0.002223542 0.995188415 71.354194641
0.995047867 0.015645659 -0.098157868 -4.900611877 -0.015901193 0.999871850 -0.001821487 -0.657059669 0.098116785 0.003373294 0.995169163 72.044425964
0.994915247 0.018429458 -0.099014908 -4.978420734 -0.018362233 0.999830067 0.001590289 -0.665965855 0.099027410 0.000235933 0.995084703 72.724166870
0.994762599 0.018839467 -0.100459971 -5.049635887 -0.018536830 0.999820352 0.003945217 -0.682993710 0.100516260 -0.002062345 0.994933307 73.377792358
0.994719803 0.015569830 -0.101439252 -5.113217831 -0.015578363 0.999878287 0.000708093 -0.692853749 0.101437941 0.000875904 0.994841516 74.010307312
0.994839847 0.007353163 -0.101190850 -5.167844296 -0.007855857 0.999958634 -0.004570142 -0.702615976 0.101153068 0.005341501 0.994856596 74.617942810
0.994946301 0.003316274 -0.100352347 -5.220537186 -0.004275093 0.999947131 -0.009340971 -0.716046214 0.100316063 0.009722780 0.994908094 75.212753296
0.995230436 0.005770123 -0.097380735 -5.278332710 -0.006745870 0.999930263 -0.009693644 -0.724471331 0.097318009 0.010304328 0.995199978 75.797424316
0.995597541 0.010636597 -0.093125209 -5.342377663 -0.011276553 0.999916255 -0.006348477 -0.742268145 0.093049884 0.007370659 0.995634198 76.362396240
0.996045649 0.009198539 -0.088364236 -5.390956879 -0.009549823 0.999948025 -0.003553450 -0.746907294 0.088326968 0.004383260 0.996081889 76.897697449
0.996534050 0.005685771 -0.082991086 -5.419836044 -0.005641072 0.999983668 0.000773092 -0.761385918 0.082994156 -0.000302254 0.996549964 77.460494995
0.997208297 0.001239881 -0.074659407 -5.452360630 -0.000943690 0.999991477 0.004002393 -0.771697760 0.074663743 -0.003920765 0.997200966 77.986457825
0.997919679 0.004739342 -0.064295314 -5.480576038 -0.004501671 0.999982476 0.003840950 -0.778881907 0.064312406 -0.003543522 0.997923553 78.504119873
0.998746395 0.009979463 -0.049050380 -5.506396770 -0.009805656 0.999944806 0.003782815 -0.790936589 0.049085416 -0.003297102 0.998789132 79.005630493
0.999406159 0.015096370 -0.030975729 -5.519890308 -0.014972607 0.999879003 0.004223625 -0.795501113 0.031035746 -0.003757328 0.999511123 79.497093201
0.999867976 0.013724547 -0.008701076 -5.512173653 -0.013682626 0.999894559 0.004859260 -0.801242769 0.008766851 -0.004739565 0.999950230 79.980049133
0.999795914 0.010086033 0.017509494 -5.479337692 -0.010188394 0.999931455 0.005766578 -0.806988239 -0.017450124 -0.005943793 0.999829948 80.448745728
0.998855114 0.009068200 0.046970282 -5.432460785 -0.009423565 0.999928534 0.007349876 -0.813755929 -0.046900272 -0.007784089 0.998869240 80.910972595
0.996771932 0.008332168 0.079851158 -5.381398678 -0.009091241 0.999916792 0.009147253 -0.824383497 -0.079768308 -0.009843669 0.996764839 81.331398010
0.993077159 0.008264267 0.117172651 -5.302935600 -0.009453130 0.999909282 0.009594140 -0.828543305 -0.117082730 -0.010635369 0.993065238 81.767684937
0.987192571 0.008211955 0.159321636 -5.216205597 -0.009877644 0.999904454 0.009665756 -0.833104491 -0.159227043 -0.011115683 0.987179399 82.203140259
0.978843033 0.008089590 0.204452574 -5.099340439 -0.010202112 0.999904871 0.009280607 -0.833291769 -0.204358056 -0.011170104 0.978832483 82.614692688
0.967386365 0.009959070 0.253109425 -4.971316338 -0.012262831 0.999896407 0.007525821 -0.844036579 -0.253008246 -0.010384213 0.967408359 83.001060486
0.951903641 0.011298181 0.306189060 -4.817674637 -0.013334339 0.999900639 0.004559099 -0.852352142 -0.306107163 -0.008422650 0.951959729 83.373680115
0.932011843 0.011585134 0.362242401 -4.643519402 -0.013452417 0.999906003 0.002632946 -0.859374583 -0.362177908 -0.007326974 0.932080150 83.739807129
0.907820582 0.012132478 0.419183075 -4.438169479 -0.013677604 0.999906182 0.000681020 -0.862073541 -0.419135541 -0.006351665 0.907901347 84.090850830
0.878836513 0.012411507 0.476961583 -4.220919132 -0.013271620 0.999910712 -0.001565778 -0.864002466 -0.476938397 -0.004953992 0.878922641 84.411888123
0.845756471 0.011053361 0.533454716 -3.965437174 -0.011031721 0.999933898 -0.003228922 -0.874710381 -0.533455074 -0.003154041 0.845822394 84.691062927
0.808727920 0.010916283 0.588081658 -3.705803156 -0.009886949 0.999938726 -0.004964898 -0.879037082 -0.588099778 -0.001799083 0.808786213 84.983863831
0.769448221 0.008757292 0.638649225 -3.434032917 -0.008710593 0.999956787 -0.003217047 -0.898242474 -0.638649940 -0.003087664 0.769491196 85.257843018
0.726492524 0.008380426 0.687123179 -3.143494606 -0.010486043 0.999944389 -0.001108863 -0.904678106 -0.687094271 -0.006399622 0.726540089 85.511459351
0.681182325 0.007316162 0.732077122 -2.840023518 -0.009612527 0.999953210 -0.001048983 -0.908187211 -0.732050598 -0.006322563 0.681220829 85.738822937
0.635452569 0.006054191 0.772116125 -2.508124590 -0.006444668 0.999976039 -0.002536878 -0.911814392 -0.772112966 -0.003363967 0.635476291 85.930709839
0.588941038 0.003422574 0.808168709 -2.171674967 -0.000509444 0.999992371 -0.003863691 -0.914446652 -0.808175802 0.001863769 0.588938177 86.110473633
0.542047501 0.005569717 0.840329289 -1.835559368 -0.002846631 0.999984443 -0.004791717 -0.925476313 -0.840342999 0.000205230 0.542054951 86.285995483
0.494664937 0.008709368 0.869040012 -1.504836559 -0.005997108 0.999960124 -0.006607820 -0.926810861 -0.869063020 -0.001943071 0.494697511 86.444885254
0.449701309 0.011259006 0.893108010 -1.174717307 -0.007468792 0.999932885 -0.008844986 -0.937265217 -0.893147767 -0.002692838 0.449755251 86.565475464
0.406768858 0.008881484 0.913487911 -0.822601795 -0.000003140 0.999952674 -0.009720751 -0.939868152 -0.913531065 0.003951231 0.406749666 86.681495667
0.367829621 0.000876260 0.929892778 -0.451135278 0.015092971 0.999862194 -0.006912390 -0.946667433 -0.929770708 0.016577426 0.367765725 86.764610291
0.332417369 -0.003378780 0.943126261 -0.075165145 0.019509388 0.999804199 -0.003294513 -0.952586114 -0.942930579 0.019494971 0.332418174 86.874092102
0.299537480 0.001368915 0.954083502 0.298227161 0.016456779 0.999842703 -0.006601227 -0.954580903 -0.953942597 0.017678453 0.299467832 86.972892761
0.268077672 0.009407636 0.963351429 0.645256639 0.005441552 0.999921560 -0.011279020 -0.966073811 -0.963381886 0.008265779 0.268005550 87.056365967
0.239858538 0.013829465 0.970709324 1.025437236 0.000508604 0.999896646 -0.014370965 -0.982170105 -0.970807612 0.003940706 0.239826739 87.137718201
0.214066789 0.015364412 0.976698160 1.414451122 0.001699316 0.999868870 -0.016101357 -0.997923076 -0.976817608 0.005106484 0.214012608 87.201660156
0.190386087 0.016705811 0.981567085 1.824680567 0.008921484 0.999784350 -0.018746285 -1.008708239 -0.981668711 0.012326067 0.190196022 87.259971619
0.170611903 0.022888185 0.985072374 2.236821890 0.016232163 0.999529183 -0.026035456 -1.008044839 -0.985204577 0.020431815 0.170160025 87.300209045
0.150878355 0.030008355 0.988096714 2.653975248 0.017647471 0.999298096 -0.033043236 -1.004601479 -0.988394737 0.022422917 0.150242865 87.353172302
0.133249119 0.030540580 0.990611851 3.092873573 0.015371130 0.999341190 -0.032877304 -1.018316627 -0.990963280 0.019607693 0.132691845 87.408233643
0.117709100 0.026136411 0.992703974 3.553530216 0.013104117 0.999525607 -0.027869821 -1.042714357 -0.992961586 0.016289042 0.117310755 87.459907532
0.103416681 0.023079388 0.994370222 4.024359703 0.013545324 0.999605298 -0.024609635 -1.060648918 -0.994545817 0.016014116 0.103063233 87.498626709
0.090414338 0.020638118 0.995690346 4.506191730 0.015955238 0.999626935 -0.022168539 -1.074831128 -0.995776474 0.017890831 0.090051316 87.527717590
0.078559078 0.019716427 0.996714413 5.000312805 0.019444015 0.999583840 -0.021305729 -1.090656281 -0.996719778 0.021053890 0.078143023 87.556053162
0.068411291 0.020336630 0.997449934 5.512370110 0.022728791 0.999500990 -0.021937327 -1.106946349 -0.997398257 0.024171591 0.067914918 87.584289551
0.060503226 0.021181619 0.997943223 6.043677807 0.024337061 0.999446273 -0.022689024 -1.115480185 -0.997871220 0.025659766 0.059954226 87.610397339
0.055040821 0.021451911 0.998253644 6.593598843 0.026099449 0.999396682 -0.022915518 -1.130676270 -0.998142898 0.027315160 0.054447729 87.635757446
0.049197182 0.022425637 0.998537302 7.158128262 0.027373375 0.999342144 -0.023792377 -1.148278356 -0.998413920 0.028503848 0.048550945 87.662857056
0.043507297 0.023238482 0.998782754 7.744424343 0.028418832 0.999296188 -0.024488354 -1.159683347 -0.998648763 0.029449666 0.042816259 87.680191040
0.039135683 0.023142133 0.998965859 8.347191811 0.030845527 0.999227285 -0.024356602 -1.176451325 -0.998757780 0.031766843 0.038391612 87.697990417
0.036216930 0.023162965 0.999075413 8.964073181 0.032328844 0.999180913 -0.024337342 -1.196130037 -0.998820841 0.033180378 0.035438433 87.715858459
0.033196833 0.022606537 0.999193072 9.602709770 0.033308990 0.999163747 -0.023712518 -1.215223551 -0.998893619 0.034069292 0.032416068 87.734756470
0.030731464 0.021972427 0.999286175 10.261849403 0.035092440 0.999118149 -0.023047946 -1.232623339 -0.998911440 0.035775669 0.029933298 87.751701355
0.030194130 0.021631934 0.999309957 10.938531876 0.039908074 0.998942435 -0.022829803 -1.250876427 -0.998746991 0.040569849 0.029298911 87.763565063
0.032098547 0.021094676 0.999262154 11.657940865 0.044381596 0.998760998 -0.022509735 -1.267499447 -0.998498797 0.045071371 0.031122563 87.786071777
0.033886470 0.021218877 0.999200404 12.346793175 0.044721764 0.998740911 -0.022725798 -1.286743641 -0.998424590 0.045456104 0.032894861 87.796775818
0.037648469 0.021301741 0.999063969 13.069129944 0.047161218 0.998620808 -0.023069507 -1.304771185 -0.998177648 0.047985606 0.036591932 87.825996399
0.042110126 0.020558018 0.998901486 13.805623055 0.047778469 0.998602927 -0.022566047 -1.328458548 -0.997969925 0.048676241 0.041069068 87.856132507
0.046065815 0.018684227 0.998763621 14.562561035 0.049163964 0.998570979 -0.020948205 -1.351166606 -0.997727931 0.050068174 0.045081396 87.894462585
0.050045136 0.017357754 0.998596132 15.319629669 0.048710663 0.998616576 -0.019799270 -1.369346857 -0.997558355 0.049633142 0.049130399 87.925979614
0.054156601 0.015095551 0.998418331 16.097616196 0.045720853 0.998799503 -0.017581323 -1.391614556 -0.997485101 0.046600688 0.053401411 87.976440430
0.057804555 0.013368244 0.998238385 16.925342560 0.045408837 0.998840213 -0.016005773 -1.395728588 -0.997294664 0.046254057 0.057130482 88.039855957
0.062048249 0.015242746 0.997956693 17.691671371 0.041758623 0.998968124 -0.017854547 -1.432417393 -0.997199178 0.042781141 0.061347704 88.088142395
0.064821132 0.019515414 0.997706056 18.495325089 0.039737027 0.998965204 -0.022121767 -1.456270456 -0.997105420 0.041079823 0.063978575 88.151443481
0.066145435 0.024560176 0.997507691 19.287441254 0.033893324 0.999064863 -0.026846005 -1.485882998 -0.997234166 0.035584595 0.065251149 88.226501465
0.066295356 0.027504509 0.997420967 20.108715057 0.030687198 0.999090970 -0.029590245 -1.517743707 -0.997328043 0.032569747 0.065391056 88.268997192
0.066374801 0.027286634 0.997421563 20.922300339 0.028504984 0.999166191 -0.029231261 -1.543826342 -0.997387469 0.030371705 0.065541647 88.333549500
0.066304915 0.025091674 0.997483790 21.735048294 0.025563641 0.999312997 -0.026836950 -1.582563281 -0.997471988 0.027278746 0.065617912 88.396385193
0.066320904 0.024018271 0.997509122 22.576787949 0.026073815 0.999327064 -0.025795603 -1.615349293 -0.997457564 0.027719656 0.065650016 88.451896667
0.066633388 0.022957215 0.997513294 23.390491486 0.024015589 0.999408662 -0.024605067 -1.653091192 -0.997488379 0.025595387 0.066042647 88.512329102
0.066822529 0.023326587 0.997492135 24.206277847 0.021985954 0.999449432 -0.024845209 -1.684113503 -0.997522533 0.023591036 0.066272870 88.571121216
0.067168102 0.024037359 0.997452080 25.024261475 0.019035205 0.999496877 -0.025368461 -1.713653207 -0.997560084 0.020690653 0.066676751 88.631973267
0.065772958 0.025467699 0.997509539 25.841787338 0.015609395 0.999525607 -0.026548412 -1.747393608 -0.997712433 0.017316684 0.065344229 88.694305420
0.062782831 0.025315028 0.997706115 26.655921936 0.012389716 0.999581456 -0.026142262 -1.775971770 -0.997950256 0.014002581 0.062442910 88.755882263
0.058964081 0.023861596 0.997974813 27.465295792 0.010048912 0.999649405 -0.024495361 -1.808787465 -0.998209596 0.011472909 0.058703624 88.809806824
0.053959224 0.021215612 0.998317719 28.285366058 0.008080367 0.999732256 -0.021682417 -1.840618849 -0.998510420 0.009236740 0.053773347 88.862716675
0.048239399 0.019458931 0.998646259 29.079902649 0.005907386 0.999787092 -0.019766513 -1.865039110 -0.998818338 0.006852914 0.048114184 88.890830994
0.040667597 0.019803153 0.998976469 29.882261276 0.005530080 0.999783754 -0.020044278 -1.891701818 -0.999157429 0.006339571 0.040549289 88.925498962
0.032183047 0.020461241 0.999272525 30.689283371 0.005319980 0.999772608 -0.020642824 -1.922296882 -0.999467790 0.005980457 0.032066882 88.950050354
0.022118941 0.020729732 0.999540448 31.486770630 0.005590624 0.999766767 -0.020858141 -1.952488542 -0.999739647 0.006049414 0.021997886 88.963912964
0.011871316 0.019827420 0.999732852 32.291461945 0.006322728 0.999781847 -0.019903475 -1.981246710 -0.999909520 0.006557320 0.011743366 88.975181580
0.001071165 0.018856227 0.999821603 33.086307526 0.005312331 0.999807954 -0.018861664 -2.007978201 -0.999985337 0.005331587 0.000970789 88.977531433
-0.010093449 0.017924646 0.999788284 33.871715546 0.006466906 0.999819517 -0.017859923 -2.036419868 -0.999928117 0.006285268 -0.010207547 88.968971252
-0.021257473 0.018516092 0.999602556 34.646041870 0.006310548 0.999811053 -0.018385757 -2.057317734 -0.999754071 0.005917203 -0.021370299 88.954750061
-0.032640528 0.019146578 0.999283791 35.424777985 0.006257099 0.999800861 -0.018952105 -2.081474543 -0.999447525 0.005634009 -0.032753825 88.931091309
-0.042588722 0.020057607 0.998891354 36.190708160 0.005582165 0.999787569 -0.019837605 -2.110061884 -0.999077022 0.004731117 -0.042691641 88.885246277
-0.053077679 0.021255216 0.998364151 36.956222534 0.006294717 0.999760687 -0.020950291 -2.131961107 -0.998570502 0.005172426 -0.053198770 88.845451355
-0.062496264 0.021675613 0.997809827 37.711265564 0.007343384 0.999747097 -0.021257754 -2.165334702 -0.998018146 0.005998769 -0.062639624 88.793601990
-0.072044089 0.022233011 0.997153580 38.469535828 0.007754184 0.999733746 -0.021730306 -2.189322710 -0.997371316 0.006166571 -0.072197296 88.736824036
-0.081389770 0.022678360 0.996424317 39.209865570 0.008293360 0.999721885 -0.022075996 -2.216634989 -0.996647894 0.006466945 -0.081555203 88.676132202
-0.089841820 0.022058684 0.995711744 39.937320709 0.009241226 0.999730051 -0.021313883 -2.243282557 -0.995913148 0.007286719 -0.090021424 88.608589172
-0.097242728 0.020839384 0.995042562 40.674987793 0.011541239 0.999737263 -0.019809812 -2.270666599 -0.995193720 0.009557663 -0.097457662 88.526535034
-0.102532499 0.019127807 0.994545758 41.400329590 0.014244020 0.999740779 -0.017759239 -2.296463966 -0.994627595 0.012345430 -0.102778375 88.452880859
-0.106173463 0.017623425 0.994191468 42.106472015 0.017633919 0.999719083 -0.015838217 -2.319221020 -0.994191170 0.015849894 -0.106454395 88.367965698
-0.108990051 0.016689861 0.993902743 42.806068420 0.018964441 0.999711871 -0.014707794 -2.341358900 -0.993861854 0.017245801 -0.109275170 88.290206909
-0.110902473 0.015742721 0.993706644 43.489509583 0.018733034 0.999729931 -0.013747444 -2.363792419 -0.993654668 0.017090511 -0.111167438 88.217544556
-0.111487933 0.016097121 0.993635416 44.149040222 0.019921483 0.999704182 -0.013960204 -2.386314154 -0.993566096 0.018238302 -0.111775592 88.139434814
-0.110542208 0.017023720 0.993725598 44.798984528 0.020377386 0.999681950 -0.014858979 -2.406037092 -0.993662477 0.018606985 -0.110853925 88.069717407
-0.107357815 0.018780956 0.994042993 45.422321320 0.021620138 0.999629200 -0.016551498 -2.426098824 -0.993985295 0.019714415 -0.107724041 88.001937866
-0.102212213 0.018913135 0.994582713 46.042247772 0.021144673 0.999634624 -0.016836187 -2.453423023 -0.994537830 0.019309269 -0.102574773 87.938224792
-0.094468765 0.019701354 0.995332778 46.636848450 0.020589910 0.999628901 -0.017832166 -2.471709013 -0.995314837 0.018809229 -0.094839357 87.889923096
-0.082922272 0.019727735 0.996360660 47.225894928 0.019744597 0.999640286 -0.018149424 -2.492901802 -0.996360421 0.018167753 -0.083281949 87.845916748
-0.069565997 0.019734325 0.997382104 47.779052734 0.018941028 0.999650240 -0.018458093 -2.518733501 -0.997397482 0.017607389 -0.069915444 87.820869446
-0.052539412 0.020816397 0.998401880 48.330989838 0.017779240 0.999643743 -0.019906687 -2.546313286 -0.998460531 0.016704941 -0.052890792 87.807960510
-0.031189654 0.023244433 0.999243200 48.830223083 0.015496680 0.999620616 -0.022769507 -2.572370768 -0.999393284 0.014774775 -0.031538039 87.807388306
-0.006614643 0.026350763 0.999630928 49.353404999 0.013395545 0.999565303 -0.026260396 -2.595017195 -0.999888361 0.013216896 -0.006964751 87.823181152
0.021651261 0.027769471 0.999379933 49.865566254 0.011634354 0.999539435 -0.028025961 -2.617023468 -0.999697924 0.012233938 0.021318210 87.859962463
0.054232091 0.027082959 0.998161077 50.376411438 0.007722843 0.999590814 -0.027541354 -2.642881393 -0.998498499 0.009202266 0.054000735 87.915199280
0.093612231 0.024347870 0.995311081 50.855396271 0.007221606 0.999658048 -0.025133427 -2.665087461 -0.995582521 0.009540538 0.093404368 87.954895020
0.135759711 0.020913206 0.990521014 51.366653442 0.005678167 0.999744296 -0.021886185 -2.683506727 -0.990725517 0.008595604 0.135606229 88.049949646
0.181677908 0.016644912 0.983217180 51.852462769 0.003054646 0.999842346 -0.017490793 -2.702467442 -0.983353317 0.006181072 0.181598410 88.159004211
0.230157167 0.013385442 0.973061383 52.342628479 -0.001116292 0.999908328 -0.013490714 -2.716709137 -0.973152876 0.002018765 0.230150998 88.303817749
0.281697333 0.011833549 0.959430337 52.805015564 -0.005163450 0.999928176 -0.010817012 -2.734945536 -0.959489465 -0.001906849 0.281738162 88.475395203
0.336150855 0.011538696 0.941737473 53.251750946 -0.006049969 0.999930799 -0.010092190 -2.747904778 -0.941788733 -0.002304985 0.336197376 88.670753479
0.392033905 0.010811866 0.919887185 53.660495758 -0.004599658 0.999941409 -0.009792517 -2.780390263 -0.919939280 -0.000392169 0.392060667 88.900390625
0.452580661 0.013430239 0.891622245 54.079746246 -0.003006605 0.999903738 -0.013535122 -2.798353434 -0.891718388 0.003444978 0.452577502 89.139312744
0.513110399 0.016146269 0.858170688 54.454380035 -0.002168210 0.999844134 -0.017515421 -2.815062523 -0.858319879 0.007126649 0.513065517 89.400451660
0.572066426 0.021783160 0.819917917 54.808341980 -0.005026890 0.999721467 -0.023052767 -2.801728249 -0.820191979 0.009066078 0.572016656 89.680892944
0.626042128 0.023520885 0.779434383 55.150741577 -0.008607166 0.999692440 -0.023254296 -2.841259003 -0.779741704 0.007849452 0.626052141 90.012062073
0.679298937 0.024006542 0.733468890 55.478195190 -0.009488087 0.999668419 -0.023931945 -2.857602835 -0.733800292 0.009297730 0.679301620 90.356597900
0.729012668 0.021606168 0.684158981 55.730957031 -0.008570964 0.999711394 -0.022438638 -2.869153976 -0.684446394 0.010494150 0.728987634 90.696113586
0.772088110 0.020051086 0.635199070 55.958084106 -0.011427948 0.999778569 -0.017668894 -2.870795250 -0.635412753 0.006382922 0.772146225 91.089157104
0.814403117 0.015569897 0.580090642 56.263275146 -0.011314197 0.999875963 -0.010952857 -2.875628233 -0.580189228 0.002356783 0.814478278 91.483917236
0.851012588 0.014030731 0.524957776 56.482700348 -0.013405698 0.999897599 -0.004992544 -2.874326229 -0.524974048 -0.002788708 0.851113617 91.908241272
0.882097304 0.010698191 0.470945776 56.670280457 -0.013515589 0.999905169 0.002600908 -2.878352642 -0.470873266 -0.008659365 0.882158279 92.338714600
0.907532156 0.011423506 0.419827282 56.832763672 -0.016396163 0.999831557 0.008237825 -2.883568048 -0.419662535 -0.014359648 0.907566547 92.779609680
0.926713765 0.014063006 0.375504881 56.929538727 -0.019972369 0.999730229 0.011849265 -2.895102501 -0.375237048 -0.018480599 0.926744580 93.175674438
0.941757023 0.018902807 0.335762173 57.052669525 -0.025538759 0.999555945 0.015358792 -2.904606104 -0.335322708 -0.023039203 0.941821516 93.629135132
0.953566313 0.023225229 0.300286323 57.163169861 -0.028911449 0.999476671 0.014505849 -2.900611877 -0.299792290 -0.022514001 0.953738868 94.087631226
0.962524951 0.025874658 0.269956142 57.262165070 -0.030881306 0.999420524 0.014314786 -2.892521143 -0.269429326 -0.022114934 0.962766230 94.551528931
0.968445122 0.020794058 0.248357818 57.368511200 -0.025122816 0.999582410 0.014272539 -2.890683651 -0.247957319 -0.020061618 0.968563259 95.018173218
0.972299159 0.017719645 0.233067274 57.471969604 -0.021920947 0.999640226 0.015448107 -2.897434235 -0.232709706 -0.020129235 0.972337961 95.495529175
0.975106537 0.022245198 0.220618337 57.560398102 -0.026240194 0.999540150 0.015193754 -2.897258759 -0.220178887 -0.020604596 0.975241840 95.994544983
0.977214336 0.027807245 0.210425407 57.653232574 -0.031916387 0.999359906 0.016156359 -2.892367840 -0.209841445 -0.022504244 0.977476478 96.512519836
0.978349149 0.033702888 0.204199120 57.752407074 -0.037456978 0.999192357 0.014546270 -2.878412485 -0.203543976 -0.021880014 0.978821158 96.992057800
0.979022026 0.038144678 0.200152069 57.871437073 -0.041196745 0.999089301 0.011104473 -2.877105951 -0.199546248 -0.019117137 0.979701877 97.526168823
0.979156613 0.039740015 0.199180961 57.977596283 -0.042240739 0.999072790 0.008319720 -2.875623703 -0.198665679 -0.016559862 0.979927301 98.065391541
0.978601635 0.038999923 0.202034101 58.086078644 -0.040790524 0.999156594 0.004705320 -2.880523205 -0.201680228 -0.012845710 0.979367137 98.602210999
0.977866948 0.037501384 0.205839321 58.209613800 -0.037993837 0.999276817 -0.001561145 -2.881779432 -0.205748975 -0.006294033 0.978584528 99.150260925
0.976824760 0.037846472 0.210668236 58.314292908 -0.037315734 0.999282420 -0.006495422 -2.874183655 -0.210762858 -0.001516348 0.977536023 99.685234070
0.975583136 0.042541038 0.215471417 58.428371429 -0.042196024 0.999090135 -0.006203185 -2.876166821 -0.215539232 -0.003040313 0.976490438 100.270248413
0.974243522 0.045681905 0.220823064 58.558776855 -0.046310373 0.998924434 -0.002333081 -2.880064487 -0.220692128 -0.007953408 0.975311100 100.858390808
0.973309338 0.042323563 0.225560635 58.702079773 -0.043935347 0.999032080 0.002128366 -2.882885695 -0.225252211 -0.011981642 0.974226773 101.454582214
0.972574115 0.038307503 0.229417026 58.851474762 -0.041285142 0.999113858 0.008191627 -2.892224789 -0.228899911 -0.017438477 0.973293722 102.080528259
0.971799254 0.036107250 0.233028948 59.002700806 -0.040237278 0.999105573 0.012992379 -2.895668507 -0.232351422 -0.022002434 0.972383022 102.694465637
0.971240819 0.031337932 0.236027807 59.159275055 -0.035569541 0.999273360 0.013690904 -2.894680738 -0.235427275 -0.021692568 0.971649826 103.332519531
0.971204460 0.027775031 0.236622840 59.314468384 -0.031076465 0.999464631 0.010233370 -2.890216589 -0.236211941 -0.017292099 0.971547723 103.977149963
0.971335709 0.027143354 0.236157075 59.475044250 -0.028761746 0.999580503 0.003410230 -2.891636372 -0.235965446 -0.010104768 0.971708953 104.621948242
0.971548617 0.029431030 0.235004261 59.632961273 -0.029480103 0.999559939 -0.003305141 -2.892492533 -0.234998077 -0.003716844 0.971988738 105.260238647
0.972185314 0.032282475 0.231977507 59.790737152 -0.031446379 0.999478877 -0.007302156 -2.890190125 -0.232092321 -0.000195804 0.972693741 105.935905457
0.972730875 0.030688614 0.229897454 59.947925568 -0.030814519 0.999520540 -0.003043366 -2.891595840 -0.229880601 -0.004123805 0.973210096 106.636718750
0.973073781 0.026651852 0.228948191 60.108421326 -0.028489439 0.999582946 0.004724176 -2.899638414 -0.228726789 -0.011119578 0.973427176 107.343009949
0.973712802 0.027001506 0.226173013 60.276020050 -0.030219635 0.999485195 0.010777772 -2.906958580 -0.225765526 -0.017329320 0.974027514 108.061653137
0.973998427 0.030603070 0.224478036 60.432762146 -0.033661548 0.999385178 0.009809623 -2.905796766 -0.224039793 -0.017110836 0.974429786 108.789123535
0.974322617 0.036038045 0.222253323 60.586280823 -0.038178358 0.999256670 0.005339764 -2.906640530 -0.221895680 -0.013687923 0.974974334 109.519706726
0.975154042 0.036993966 0.218416706 60.745899200 -0.037942789 0.999279797 0.000149934 -2.907567501 -0.218253896 -0.008433549 0.975855529 110.247497559
0.976126075 0.035252370 0.214324713 60.912212372 -0.035475917 0.999366522 -0.002804505 -2.909625530 -0.214287832 -0.004865813 0.976758361 111.005165100
0.977016151 0.033565108 0.210505873 61.074905396 -0.034078892 0.999418378 -0.001187397 -2.913610220 -0.210423291 -0.006013702 0.977591753 111.776664734
0.977805078 0.029805968 0.207385495 61.237899780 -0.030673165 0.999529004 0.000966527 -2.920655251 -0.207259014 -0.007306245 0.978258848 112.557800293
0.978219211 0.028444445 0.205616266 61.402084351 -0.029869067 0.999546528 0.003827283 -2.924852133 -0.205414131 -0.009885487 0.978625238 113.352119446
0.978512466 0.025729448 0.204575673 61.564884186 -0.027551554 0.999602020 0.006062971 -2.926586390 -0.204338253 -0.011569071 0.978832006 114.153663635
0.978744745 0.020285659 0.204077110 61.734302521 -0.022233905 0.999726415 0.007258086 -2.929568529 -0.203874052 -0.011641243 0.978927851 114.938438416
0.978845417 0.021234134 0.203496546 61.896415710 -0.023533927 0.999683440 0.008887934 -2.931470633 -0.203243420 -0.013488985 0.979035258 115.742103577
0.978660762 0.026709188 0.203739464 62.056030273 -0.028703356 0.999564469 0.006838576 -2.933634996 -0.203468084 -0.012540652 0.979001164 116.565948486
0.978416085 0.031830117 0.204178348 62.222286224 -0.033242017 0.999441206 0.003488099 -2.933607101 -0.203953266 -0.010200113 0.978927433 117.378295898
0.977875173 0.040641934 0.205203235 62.378993988 -0.041940358 0.999118149 0.001980191 -2.934181690 -0.204941794 -0.010542677 0.978717327 118.212356567
0.977002740 0.046498880 0.208094671 62.534961700 -0.048037764 0.998842716 0.002344916 -2.936710358 -0.207744837 -0.012287392 0.978105843 119.031311035
0.976246119 0.048964631 0.211059019 62.703571320 -0.051003911 0.998689473 0.004225864 -2.944568157 -0.210575536 -0.014890318 0.977464199 119.870742798
0.975666523 0.049700513 0.213552415 62.890182495 -0.051697902 0.998655617 0.003775224 -2.958545446 -0.213077679 -0.014723570 0.976924300 120.713661194
0.975304604 0.048138991 0.215553924 63.069686890 -0.049477275 0.998774886 0.000813714 -2.959784508 -0.215250671 -0.011458640 0.976491570 121.546150208
0.975295067 0.041929614 0.216890082 63.261417389 -0.043463666 0.999052405 0.002305449 -2.967905760 -0.216587842 -0.011675334 0.976193309 122.388252258
0.975517213 0.035624199 0.217018425 63.456325531 -0.036660556 0.999327540 0.000750004 -2.980916023 -0.216845721 -0.008687658 0.976167202 123.216102600
0.975327909 0.034338489 0.218073830 63.640754700 -0.035366267 0.999374032 0.000810317 -2.989783287 -0.217909455 -0.008502781 0.975931883 124.044105530
0.974799991 0.036815435 0.220021755 63.825019836 -0.038566589 0.999249220 0.003667433 -2.996309757 -0.219721541 -0.012060503 0.975488007 124.892059326
0.974403858 0.038844477 0.221422896 64.004707336 -0.041998900 0.999071836 0.009553944 -3.001775265 -0.220846266 -0.018608918 0.975131035 125.732666016
0.973987997 0.042908520 0.222499713 64.180282593 -0.047062878 0.998802006 0.013400330 -3.006416321 -0.221658185 -0.023523239 0.974840522 126.573867798
0.973795056 0.041882224 0.223537534 64.364868164 -0.044600535 0.998979509 0.007123171 -3.014301300 -0.223011062 -0.016906405 0.974669278 127.383125305
0.974047601 0.037765849 0.223170444 64.553970337 -0.037077323 0.999285936 -0.007276063 -3.024145126 -0.223285869 -0.001187333 0.974752307 128.190902710
